id,sequence
0,PPHPHPPHPHPPHHHHPPHPHPHHHHHPHPPHHPPHHPHHHHHPPHHPHHHPHHPHHHPPPPHHHPHPHP
1,HPPHPHPHHPHHPPPPHHHHHHPPHPHHHPPHHPPHPHHHHPHHHHPHHPHPHHPPPPPPHPHHPHPPPH
2,HHHPHHHHHHPHHPHPHHHHPHPPPPPHHPPPPHPHPHHHPPPPHPPHPHPHPHPPHHHHPHHPHPHHHH
3,PHPPHPPHHPHHHPHPPPHPHPHHPPPPPHHHHHPHPHHPHPPPHPPHHPHHPPPPPHHHHPHHHPPHPP
4,PPHHPHHHHPPPPHHHPPPPPPPHHPPPHHHHHPHPPPHPPPPHHHHPPPHHPHPPHHHHPPHHHPPHHH
5,PPHHPHHPHPPHHHHPHPPHHPPPPPPHPHPHHHHHHHHHPHPPPPPPHPHHPHHPPHHHPHPHPPPHHP
6,PHHHHHHPPHPHPPPPHPHPHHHPHHHHHHHPPHPHHHPPPPPHHHPHHHPHPHPPPHPHPHPHHHHHPP
7,HHPHHHPHHHPHPHPHHHPPPHPHPPPPPPPHHPPHHHHHPHHPHHHPPPPHHHPHHHPPHPPPPHPHPP
8,HPHHHHPHPPHPPHPHHHHPHPHHPPHHPHHHPHHHHHPHHPPHPPPHHPHPHHHPPHHHHHHPPHHPPH
9,PHPHHPPHHPHPHHHPPPPPHPHHPPHPHPHHPHHHHPHPPHPPHPPPHHHHHHPPPPHHPHHPHHHPPH
10,PPHHHPHPPHPPHPHHPHHPPHHPPPHPPHHPHPHPPPPPHPHHPPHPPHPPPHHHPPPPHHHPHHPPHH
11,HHHHPPHHPPHHHPPPPPHHPPPPHHHPPPHPPHPPPPPHPPHHPHPPHPPHPHPHPPHPHPPPPPHHPH
12,HPPHPHHHPPPPPPHPPHHHPHPPHPHPHPHHPPHHPHHPHPHHHHHHHPPPHHHHHHHHPPPPHPHHHP
13,HHPHHPPHPPPHHHPPPHHPPPPHPPPHHHHPHHPPPPHHPHPHPPPPHHPPPPPHPHHPHPPPHHPPPH
14,PPHHPPPHHHPHPHPHHHHHHPPHHHPHHHPHHHPHPPHHHHPPPHPHPPHPHHHHPHPPHHHHPHPHPP
15,HPPHHHHPPHPHHHHHHPPHPPPHPHPPPPHHHPHPHPHHPPHPPHHPHPHPPPPPHPHPHPPHHPPHPP
16,PPHPPHPPHHPPHPHHPHPHHPHPHHHPHPPPHPHHPHHPHHPPHPHHPPPHPPHHPHHPPHHPHPHHHP
17,PHHHHHPHHHHHHPPPHHHHHHPPPHHPPPHPPPPPPPPPHPHPPPPPPPHPPHHHHHPPPHHPPPPPHH
18,HHHPPPHHHHPHPPHPHPHHPHHPPPPHPHHPHHHPHPPHHPHHHPPPPHHPPHPHHHHPHHPPPPPPHP
19,PHPHPHHHPPHHPHHHPHHHHHPPPPPPPHPHHPHPPPPHHHPHHHHHHPHHPHHPHPHPPHHHPHPHPH
20,PHHHPHPHHPPHPHHHHHPPPPHHHPPHPHPHHPHHPHPPPPHPHHPPPPHPHHHHPPPHHPHHPHHPPP
21,PPPHHHPPHPHHHHPPHHHPPPHPPPPHPPPPHPPHHPHPPHPPPPPPPHHPHPHPPHHHHPHHHHHHPH
22,HHHPHHHHPPHPHPHHHHHHHHPPHPPHPPHPPHHPPHPHHPHPPPPHHHHHPHHPPPHPPHHHPHPPPP
23,HPHHPHPHHPHPHHPPHPHHHHHHHHPHPPHHHPHHHPHPHPPPPHHHPPHPHHPHHHPHHHPHPHHPHP
24,PHPPPHHPHPHPHPPPHHHPPPHPPHPHHPPHHHPPPHPHHHHHHPHHPPHHHPHPHPHPPPHPHHHHPP
25,PHPPHPHPHPHHHHPHPPHHHPHHPHHHPPHPHHHHHHPHHHPHPPPPPHHHHHHPPHPPHHHPPPHHHP
26,PHHHHHPHPPPPHHPHPHHHPPPHPPHHHHPHPHHPPPHHHPPPPHHHPHPHPPPPHPHHPHHHHPHHPH
27,PHHHPPPPPHPHHPHPPPHPHHPPHHPPPPPHHHPPPHPHPHPHHPPHHHHPHHHHHPPPHPHPHHPHHH
28,PPHPHPHPPPHHHHPPPHHPPHPHPHHPPHPHPHPPPHHHHHPPPHHHHPPPHPPHPPPPPPHPHPHHHH
29,HPPPPPHPHPPHPPHPHPHPPPPHPHHHHPPPPPPHHHHPPHPHPHPPPHPPPPHHPHHHPHPPPPPHHH
30,PPPHPPPPHHPHHHPPPPPPHHHHPPHPHPHPHPPHPHHPPPPPPPPPPHHHHPPHHPPHPHHHPPPPPP
31,HHPHHPHHPPHPHHHPHPPPPHPHHHHHPPPHPHPHPHHHPHPPHHPHHPPHHPPHPPPPHPPHHPPHHP
32,HPHPPHPHHHPPHHHHHHPHPPPPHPHHPPPHPPPHPPPHPPHHHPHPHHPHHHHHPPHPPPPHHHHPHP
33,PPPPPHHHPHHHPHPHPPPHHPPHHHHPPHHPPHHHPHHPPHHHPPPPPPHPHPPPPHHPHHPHPPHPPH
34,HHHPHHHHHHPHHPHPHPPPHPHPHHPHHPHPPPPPPPHHPPPPPHPHPPPPPPPPPHHHPPHPPPPHPP
35,PHHPPHPHHHPHPHHHHPHPHHHPHHPHHHPHHHPPHPHHPPPHPHHPHPHHHHPHPPHPHPPHPPPHPP
36,PPPHPPHHPHHHHHHHPPHHPPHPHPPPPHHPPPPHHPPPHPPPHPPHPHHPHPPPHHHPHPHPPPPHPP
37,PHHPPPHPPHPPPPHPHPPPHHHHHPHPHHHHPPPHPPPHPHHHHPHPPHHPPHHPPHHHHPPHHPHPPH
38,HPPHPHPPHPHPPHPPPHHHHPPHPHHHHPPHHHHPHPHHPPPPPPHPPHPHHHHPHHPPHPPHPPHHHH
39,PHPPHPPPHHHPPHHPHPPHHHHPHHHHHPHPHHPPPPPHHHPPPHPPHHHPPPHHHHHPHHHHPHHPHH
40,HPHPPHPHPPHHHPPHPPHHHPHHHHHPPHHPHPPPPPPHHPHHHHPHPPHPPPPPHPPPHHHPPHHHPH
41,PHHPHHHPHHPHPHHPHHPPHPPPHPPPPPPPHPHPPHHHPHPHHPPHHPPHHHHPHHHHHHPPPPPPHH
42,HHPPHHHPPPPHHHHPPHPPHHPPPPPHPHHPHPPHHHHHPHPHHPPHPHPHPPPPPHHPHHHHHHHPPH
43,PHHHHHPHHPHPHPHHPHHPHPHPHPPHHHHPPPPPPHPPPPHPHHPPPHHPHHHHPPPPPHPPPPPHPH
44,PHHHHHHHHHPPHPPPPHPHPPPPHHPHPPHPPPHPHPHPPHHPPPPPHHHHPPHPPPHPHHHPPPPHPP
45,HHHHHHHHPHPHPHHPPPHPHHPPHHPPHPPPHPHHHHPPPHPPHHHPHHPHPHPPHPPHHPPHPPPHHP
46,PHHPPPPHHPHPPHPHPPHHPPPPPHPHHHHHPPPPPPPHPPHHHPPHPHPHHPPPPPHHHPHHPHHHPH
47,PHHHHPHHHHPPHHHPPPHHPHPHPHHHHHPHHHPPPHPPPHHHHHPPPPHPHPPPHHHPHPPPHPHHPH
48,HHHHPHHPHPHPPPHPHHHHHHHPHPHPHHHHPHHHHPHPHHHHHPPPPHPHHPHHPHHPHHHHHHPHHH
49,HHHHPPHPPHPHPHPPHPPHPHHPPPHHPPPHHHHHPHPHHPHHHPHHHPHHPPPHHHHPPPPHHHHHHH
50,PHPHHHHPHHHHPPHPPPPPHHPHPPHPPPPHPPHHPPHPPPHHHPHHHHHHHHHHHHHPPPHHHHPHPP
51,PPHHHPPHHPHHHPHHPPHPHHHHPPPHHPPPPHPHPHPPPHPPPHPHHHHPHHHHPPHHPPPHHPHPHP
52,HPPPPHPPPPHPPHHPPPPHPPHPPPPPHPPHHPHPPPHHPPHHPHPPHPPPHHHHHHPHPPPHHHPPPP
53,PHPPPPHHPHPHPPPHPHPPHHPPPHPHPHPHPPHPPHHHHHPHHPPHHPHPPHHPHHHHHHPPHPHPHH
54,PPPPHHHPHHHPPHHPHHPPPPHPHHPHPHHPHHHPPPHHPHHHHPPPHHPHPPHPHPHHPHHPPHPHPH
55,HPHHPPPPPPPPPHPHPPHPPHPPPHPPHHPPPHPHPPPPPHPPPHHHPHPHPHPHPHHPHHHHPPPHHH
56,HHHHHHHHPHPPHPHPHPHHPHPPHPPHPPPHPHPPPHPHHPPHHPPPHHHHPPPHHHHPHHPHHHHPHP
57,PHHPHPPHHHHHHPPHPHPPPPHPHPHHHHHPHPHPPHHHPHPPPPPPHHHHPPPHHHHHHPPHPHHPPH
58,HPHPHPHPHHHPHHPHPPPPPPPPPHHHPHPHPHHHPPPPHHHPPHHHPHHPHHPPPPHHHHHHHPPPHP
59,HPPHHPPPHPPHHPHPHHPPPHPPPPPPHHHPHHPHHPPHHHHHHHPHPPPPPHHHPHPPPPHHHPHPHH
60,HPPPPHPPPHHPHHPHPPPHHHPPPPPHHHHHPHHHPHPHPPHHHPPHHPPPHHPPHPPPPHPPPPHPPP
61,HHHHHPHPPPHHPHHHPPHPHPPPHPHHPHHPHPHPPPHPHHHPHPPHHPHPHHHPHPHHPHPPPHPPPH
62,HPPPHHHPPHHPPPHHPPPHPHHHPPHPPPPPPHHHPHHHHPPHPPPHPPPHPPHPPPHPPPPHHHPHHP
63,PHHPHHHPPHPHPPPHPPPHHPPHHPPPHPHHHHPPHPHHPPPHPHPHHHHPPPPPHHPPHPPHHHHHHH
64,PHPPHPPPHPHPPPPPPPHPPHHPHPPHPHHHHPHPHPPHHHHPHHHPHPPPHHHPHPPHHPPPHPPPHP
65,PPHPPPHPHPPHHHPHHPPHHPHHPPHPHPHPHPPPHPPHHHHPHPPPHPPHPPPPPHPPPPPPPPPPHP
66,HPHPHPHHPHHPPHHHHPPPHHHPPHHHHHPPPPPHPPPPPPPHHHHPHPPPPPHPHPHHPHHPPHHPHP
67,PHPHHPHPPHHPPHHHPHHPHHHHPPPPPPHHPPPPPPHHPHHPPPHHPHHHPHPPPPHHHPPHPHPPPP
68,HHHHPPHPPPPHPPPHHHPHPPHPPPHPHHPHPHHHHPPPHPPHHPPPHHPHPPHPPPPHHPPPHHPPHP
69,PHPPPPHHHHPPPHHHPPHHHHPHHHHHPPHPPPHHPPPPHPHPHPHHPHHHHHPHHPPHHHPHHPPHPP
70,HPPPPHPPPPPPPPPHHPPHPPPHHPHPPHPPHHPPHHPHPPPHPHPHHHHHPHPHHHPPPPPPHPPPHP
71,PPPHPPPHPPHPPPHPPHHPPHHHPPHPHPPHPHPPPPHHPHPHPHHHHPPPPHHHHHHHHPPHHHPHHH
72,PHPPHPPHPHHHPPHHPHHPHHHPHHPPPPPPHPPPHHHHHPHHPHHPHPHPPHHHHPPPPPPPHHHHHP
73,PHHHHPHHPPHHPPPHHHPHPPHHPPPPHHPHHHPHPHHPPPPPPPPPHHPHHHHPHPPPPPPHHHPHPH
74,PHHHHHHPPHHHPHPHHHHPHHHPHPPPHPHHPHPPPPPPHPPHHPPHPPHHPHPPPHHHHPPPPPPHHH
75,HHHHHHHHHHHPPPHPPPPPHPPHHPPHHHHHPPPHHHPPPPHPPHPHPPPHHHPPPHPHPHHHHHPHHP
76,HPHPPHHHPHHPPHHPPHHPPPPPPHHHPPHPHHPHHPHHPPHPHPHHPHPHHHHPHPPHPPHHPPPHPP
77,PPPHPPHPHPPHHHPPPHPPHPPPHPPHHHPHHPHPHHPHPPPPHHHHPPPHHPHHHHPPHHHHHHHHPP
78,HPHPHHPPPPHHPHPPHPPPHPPHHPHPHPPPPPPPHPPPHHPHPHHHHPPPHHPHPPHHHPPHHHHHPP
79,HHPPPPPPHPPHPHPHHHPHPHPPPHHHPHPPPHPPPHPHHPPPPPHHHHHPHPPPHPPPHPPPHPHHPP
80,HHPPHPPHPPHHPPPHPHPHPPHPHPPHHHHPHHPPPHHPHHHPHPHHHPPHHPHPHHPPHHHHHPHHPH
81,HPHPPHHPPPHHPPPPHHPHPHPHHHHHPPPPPPHHPPPHPHHPPPPHPPPPPPHHHHHPHHHPHPHHPP
82,PHPPHHHPHPPPHPPHPHPHHPPPHPPHHHHHPPPPHPPPHPHHPHPHHPHPHPPHHHPHPHPHHPPPPH
83,HPHHHPHPPPHHHHHPPHHHPHPHHHHPPPPPHPHPHHPPPPHPHPHPHPPHHPPHHHPPPPPPHHHPPP
84,PHHPHPPPPHHHPHHHPPHHPPPPPHHPPPHHPPPHHPHPPHHHHHPHPHPPHHPPHHHHPPHHPHHPPP
85,HHPPHPPHHPHPPPPHHHHHPHPHPHPPPPHPPPHHPHHHHPHPPPPHHHHPHPPHHHPPHPHPPHHPHP
86,HPPHPHPHHHPHPPHHHPPHHHHHPPPHPPPHHPPHPHHHPHPHHPHPHHPHHHPPPHHPPHPHPPPHHH
87,PPPPHHHPHHHHHHPHPPHHHHPHHPHHPHPHHHHHHPHHPHPPHPHHHHPPPPHHPHHHPPPHPPPHPP
88,PPHHHPPPHHPHHHHHPPPPHHPHPPHHPHHHHPHHHPPHPPHPHHHPPHPHPHPPHPPPHPHHHHHPPH
89,HPPPHPHPPPPPPPHPPHPPHHPPPHPPPHHHPHHPHHPHPHHHPPPPHPPHPHPHPHPPPPPPPPPPHP
90,PPPHHHPPPHPPPHHPHPPHHHHHPHPPHHPPPHPPHHPPPHHPPPPHHPPHHHPPPPPHPPHPPHHHHH
91,HPPHHHHHHHPHPPHHPHHPPHHHPPPPPHHHHPPHHPPPHHHPHPPHHHHHHHHPHPPPHHPPHPHHHH
92,PHPHPPHHHHPHHHHPPPHPHPHPHPPHPPPHHHPHPPHPPHHPPHHPPHHPHPPPPPHPPHPPPHHHPH
93,PPPHHHHHHPPPPPHPHHHPHPPPHHHPHHHHPPPPPHPPHHPHHPHHPPPHHHPPPHPPPHHHPHHPHH
94,PPPPPHPHPPPHPPHHPHPHPPPPHPHPPHHHHHPPHHPHPHPHPHHHPHPHHHPHHPPPPPPPHPHHHP
95,PHHHPPPPHPHHHHPPHHHHPPHPHHHPHPPPPPPHHPPPPPHHHPPHPHHHPPHPHPPHPPHHHPPPPH
96,HHHHHHHPPHPPPHHHHHHHHHPHPPHHPPHHHPPHPPPHHHHHHPHHHPHHHHHHPHHHPPPPHHHHHP
97,HPHHHHHHHPPHHPHHHPHHHPPHHHHPHHPHPPHHPHPHHHPPPPHPPPPPHHHHHPPPHPHHPPPHPP
98,HPHPPHHPPHPPHHPPPPHHHHPPPHPHPPHHHPPHHPPHPPPPPHPHHHHPHHHHPHHHHPPHPHPHPP
99,HPPHHPHHPHPPPPPPHHHHPPHPHHPHPPHPHPPHPHPPHHPPHHPHHPHPPPPPPHPHHPHPPHPHPP
100,PPPHPPPHHPPHPHPHHPPHPPHHHPHHPHPHHHHHPHHHPHHHHHHHHHPHHHPPHPHHHPHHHHPHHH
101,HHPPHPHHHHPPHPPHPHPHPPPPHHHPPPPPHPHPHHPHPPPPHPPPHPPHPHPPHPPPHPPHPPPPPH
102,PHHPPPPHPPHPPHPPPPPHPPPHHPHHHHHPPHPPHHPPHPPHPHHHPPHHHHHHHHPPPHPHHHPPPP
103,PHHHHHPHPHPPPHHHPHHHHPPPPPPPPHHHHPPPPHPPPHPHHHHPPHPPHPPPHHPHPPPPPHPPPH
104,HHHPHPPHHHPHPHPPHPPHHPPHPPPPHHPHPHHPPPHPPHPPPHHPHHHPHPHPHHHHHHPPHPPPPH
105,HPPPHPPPPPHPPHPPHPPPPPHHHPHPHHPHHPHPHHPHHPHHPPHHHPPHPPPPPHPHPHPHHPPPHH
106,PHPPHPPPPHPHPHHHHHHHPPHHPHPPHPPHHPHPHHPPPHPPHHHHHPHHPPPHHHHPHHHPHHHPPP
107,HPPHPHHHPPHHHPHHPHHPPHPHHPPPHHHHPPPPPHHHHHPHHPPHPPHPPPHHHHPHPHHHHHPHPH
108,PHHPHPPHPPHHPHPPPPHHPPHPHPHPPHHPHPPPPHPPPHPPHPPPPHPPHPHHPPPPHPHHPPHHPP
109,PHHPHHHHPHHPHPPPHPHHPPPPPPHPHHHPHPHHHPPPPHHHHPPHPPHPPHPPHHHHPPHPPPHPPP
110,HPPPHHPPPPPPHHPPPPPPPPPHPPHPPPPHPPHPHHHHPPHPPHHHHPPPHPHHPHHHPPPPPPHPPH
111,PPPPHPHPHPPPHPPPHHHHHHPPHHPPPHPHPPHPPPPPHHHPHHPHPHPPHHPHPPPHPHHHPHPHHH
112,PHHPHPHPPHPHPPPPHHPPHPHHPPHPPPHPHPPPHPHHHPPPPHHPHPHHPHPHHHPPHPHHPPHPPH
113,HPPHPPHPPHHPHHPHHPHHHPHHPHPPHPHHPHPHPPHPPPHPPHHHPHHHHPPHPPHHPHHHHHHHHP
114,HPHPPPHPHHPPHHHHHHHPHPHHPHHPPPPHHPPPHPHHPPPPHPPHHPPPPPPPPHPPHHHPPPPPHP
115,PHPHPHPHPPHHHHHPPPHPPHHPHHHHHPHPPHPHPHHHPPPPPPPPHPPPPHPHHHPHPPPPHPHHHH
116,PPHPHPHPPHPHPHHHHPPPPHPPPPHPPPPHPHHHPHPPPPPHPHHPHPHPHPPHPPPPPHPPHHPPHP
117,PPPPHPHHHPHHPHHHPHHPHPPHPPPHHHHPPPHPHHHHHPPPPPPPPHHPHPPPPHPPPPPPPPHHPP
118,PPPHHHHHPHHPPHPPPHPHPHHPPPPHPPHPPPHPHHPHHHHPHHHHPHPHHHPPPPPHHPHHHPHPPH
119,HHHPPHPHHHPPHPHHHPHHHHHHPPPHHHHHPHPHHPPHPPHPHPPPPHHPPHHHHHPHPHHHPHPHPP
120,HPPPPPHHHHPHHHPHHPHHPPHHPHPPPHHPPHPPPHPHHHPHHHPPHHHPPPHHPHPPPHHHPPHPHP
121,HHHPHPPPPPHHPPPHHPPHHPPPHPPPPHPPPHHPPHHHPPHHHPHHHPPPPPPPHPPPPHHHHPHHHP
122,HHPHPPPPHPPPHHHHPHHPPHHHPHHHPHPHPPPPPHHHHHPPPPHHHHPHPHPHHHHHHPPHPPPHPH
123,HHPHPHHPHPHHHPHPHHPPHHHHHHPHHHHHHPHHHHPPPHHPHHPHPPHPPHPPHHHHHHHPPHPHPP
124,PPPHPHPPHPPHPPPPPHPHHHHHHPHPHHPHPHPHHHHHHPPPPHHHPHPHHPHPPPPHPPPHHPHHHP
125,HHPPHHPHPHHPPPPHHHHHHHHHPPHPHHPPPHPHHHPHPHHPHHHPHHHPPHHPHHHHPPHHPPHPPP
126,PHHHPPPPPHHHPPPPPHHHHHHPHHHPPHPPHPHHHHPPHPHHPPPPPHHHHPPPPPPPHHPHPHHPPP
127,HPHPPHPHPPHHPHHPHPHHHPHHPPPPPPPHPHPHHHHPPHPPHPPPPPHPHPHHHPHHHHPPPHHPHP
128,HHHPPHHHHPPPHHHPPPPPPHPPPHHPHPPHHHPPPHPHHPHHHHHPPHHHPHHPHPHHHPHPHHPHPH
129,PHHPHHHHHHPPPPHPHHPPHHPPPHPHHPHPPPHPPPHPPHHHPHHPPHPHHPHHPPHPHPPHHHHHHP
130,PHHPPHPPPHHPPPHPHHPHPHPHPHHPHHHHPHHHPHHPHPHPPPHPHPPHPHPHHHHHHHHHHPHPHH
131,HHHPPPHHPPPPPPHHPHPHHPPPHHPHHHHPPHPHPPHHPPPPHPPPHPHHHPPPHPPHPHPPHHPHHP
132,PPHHHHHPHHHHPPHHPPHPHHPHPPPHHPHHHPHPHPHPPPPHPPHHPHPHHPHPHHPHHPHHHHHHHP
133,PHHHPHPHPPHPHPPPPHPPHPHHHPPHHPHHPHPHHPHPPHHHPPHPHHPHHHPHPPPPPPHPPHHPPP
134,PHPHPHPPPHHPHHHHPHPHHHHHHHHPHHPHHPHHPPPHPHPHPHHHHHHHHPHHPHPHHPHHPPHHHP
135,PHHPHHPPHHPPPPHHPHHHPHPPPHPPHHPPPPPPPPPPHHPHPHHHPHPHPHHHHPPPPHPPPPPPHH
136,PHPPHHHHPHPPPHPHHHPPHPPHHHHHPPHHPHPHPHPHHPPHPHPHHHHPHPHPHPHPHPHPHHPPPH
137,HHPHPPHPHPPHPHPPPPHHPPHPPHPPPPPHHHHHHPPHHPPHHHHPHPHPPPPPHHHHHHPPPHHPPH
138,PPHHPHPPPPPHHHPHHHHHPHPPPPPPHPPPHHHHHHHHPPPPPPPPPHPPHHPHPPPHPPHPPHPPPP
139,PPHPHPHHHPPHHPPHPPPHPPHPPPHPHHHHHHHPHHHHPPPHPPHPPPPHHPHPHPPPHPHHHPPHPP
140,PPPPHPHHPPHHPPHPPHHHHPHPHHPPHPHHPHPPPPHPPPHPPHPHHPPPHPHHHHPPHPPPHPPHPP
141,PPHPPHHHPHPPHPPPPHHHPPHHPHHPPPPHPPHHHHHPHPPPHPPPPHPHHHPPPHHHPHPPPPHPHH
142,PHHPHPPHHPHPHPPHPHHHPHPPHHHHPHPPPHPHPHPPHPHPHHPPPPPPHPHHHPPHHPPPHPHPPP
143,PPPPPHPPHHHPPPPPHPHPHPPPHPHPHHHHHHHPHPPHHPPPPPPPPPHHHHPPPHPHHHHPHPPPPH
144,HHHPPPPHHHPPHPPPPHHPPHHPPHHHHHHPPHPHPHPHHHHPHPPPPPPPPPPHHPHHPPPPPPPHPP
145,PHPHPPPPPPPPHPPHPPPHHHHHPPPPPPHPHHPPPHHHHHPPPHHPPHPPPHHPPHHHHHPPPPHPHP
146,HHPHPPHPPHHPHPPHPPHPHPHPHPHHHPHPHPHPHPHPHHPHHHPPPPPPHHHPPPPPPHHHHHPHHP
147,PPHPHPPHHHHPHHPPPHPPHHHHPHPHPPHHPPHPPHPHHPHPHPPPHHPHHHPPPPHHPHPPPHPHHP
148,PHPPPHPHHHHHPHPHPHPPPPPPHPPHHPPHPHPPHPPHPHHPHPPPPPHPPPPPPPHHPPHPHHHHHP
149,PPPPHPPPPPHPPPPPHPHHPPPPHHHHPHHHPPPHPHHHPHPPPPPPPHHPHHHPPPHPHHHHPHPPHH
150,PHHHHHPPPPPPPHHPHPPPPHHPHPHPPHPPHPPHHHHHPPPHPHHPHHHPHPPPPPHPHHHHHPPPHP
151,HPHHPPPPHPPPHPHHPPHPHPHPPPHPPHPHPHHPHHPPHPHPHPPPPPHHPPHHPPPPHPHHHPPHPP
152,HPHHHHPPPPPPHPHPPHHPPPHHPHHPPHHHPPPPPHPHHHPHPPHPHHPPHPHPHHPHHPPPHHHHHH
153,PPPPPPHPHPPHPHHHHHHHPPPHHPHHHPPHHPHHHPPHHHHHHPPHHHPPPHPHHHHPHHPPHPHHHH
154,PHHHPHPPHHHPPHPHPPPPPPPPHPPPHHHPHPHHPPHPPHPPHPHPPPHPHPPPHPPPHHPHPHHPHH
155,HHPHPHPPPPPHHPPHPHHHPHHHPPHHPHHHHPHPPPHHPPHPHHHHPPPPHHPPPHHPPHPHPPHPPH
156,PPPHHHPPPHPHHPPHPPHHHHPPPHHHHPHHHHHHHHPPPHHHHPHPPPHHPPHPPPPHHPPHHPPPPP
157,HPHHHPPPHPPPPPHPPHPHPHHHPHPPPPPHHPPHPPHPPPPPHPHHPHHPHHHPPHHPHPHHPPHPPH
158,PHHHHPHPHHHHHPHPHPPHPHHHHHHHHPHPPPHPPPPHHPHPHPHPPHHHPHHHPPHHPHPPPHPHHP
159,HPHHHPPHPHHHPHPPHHPHPHPHHPHHHHPHHHHHHPHHHHHPHHHHPPPHPHHHHHHHHHPPHPHHPP
160,HHHHHPPHPPPHPPHHHPHHHHHHHHHPPPPPPPPHHHPPPPPHHHHPPHPPHHPHHPPPHHHHPHHPHH
161,HHPPPPPPHHPHPHHHPPHPHHPPPPHHPHHHHPHPHPPHPHPHPHPHHPHPPHPPPPPPHHPHHPPPPP
162,PPPHHHPPHPPHPPHPPPHHHHHPHHHHHPPPHHPHHHPPHHHHPHPHPHHPHPPHHPHPHPHPHHPPPP
163,HPPPPHHHHPPPHHHHPHPPPHPPHHHPHPPPHHHHHHHPHHPPPHHPHHPPPPHHPPPPHPHHHHHPPP
164,HPHPPPHPHPHPPHPHPPPPHHHPPHHPPPPPHPPPPHHHHPHPPPHPPHPPHPHHHHPHHPHPHPHPHP
165,HHPHPPPHHPHPPPHHPPHHPHPPHPHPHHPPHHPHHHPPHHPHPPPHHHHHHPHPHHHHHHHHPPHHHP
166,PHHPHPPHPHHHPPPHPPPPPPPPHHHPPHHHHHPHHPPHHPHHHHPHHHHHPHHPHHHHHHHHHPHPPP
167,PPPPHPHPHHHHPPHHHHHHHHHPHHHPHHPPHHPHHPHHPHHHPHHHPPHPHPHPHHHPPPHHPPHPHP
168,PPHHPHPPHHHHPPHHPHHPHPPPHPHPPPHHHHPPHPHHHHPHPHHHHHHHHPHPHPPHHPHPHHHPHP
169,PHPPHHHHHPPPPHHPHPHPHPHPPHPHPPPPPHHPPPPPHHPHHHHHPPPHPHHHPHHHPHHPHPHHHH
170,HPPPPPPPHPHHHHHPHPPPHPPPPPPPHPPPHPPHHHHHPHPHPHHHHHHHPPPPHHPHHHHPHHHPPP
171,PHPPHHPHHPHPPPHPHHPPPHPPHHHHHPPPPPHPPHHPPPPHPHPPHHPHPPPHHHHPHPPPPPPPPP
172,PHPHPHPHPHHHHPHHPPPPHHPHHHHPPPPPHHHHHPHPPHHHPPPHPHHHHHHHHPPHPHHPHPHHPH
173,HHHPHHHPHPPHPHHHHHHPHHHHHPPHPHHPPHHHHHHPPPHPPHPHHPPPPPHHHHHHPPHHHPPHPP
174,HHPPHHPPHPHHPPPHPHHPHPHPPHHPHHHHPPPPPHPPHHPHPPPPHPPHPPPPPHPPPHHHPHPHHH
175,HPHPPPPHPPHHPPHHHPPPPPHPHPHHPHPPHPPPHHPHPPPHPHHPPHHHPPHPHPPPHHPHPHHPHP
176,HPPPHHHHHHPPPHHHHPHPHPPHPHPHPHHHHPHHPHPHHPHPHPPHPPPHHPPPPPPPPHHPPPPPHH
177,HPPPHHHPHHPHHPHHHHHHHHHPPPHPHHPPPHHPPHHHPPPHPPPPPPHPPPHHPPHHPPPPPPHHPH
178,PPHPHHHHHHPHHHPHHPHHPHPPHHPPPHPHPPHHHPHPPHPHPPPHHPPHHHPPPPHHPPPPPHPHPP
179,PPPPPPHHHPHHHPHHPPPPHHPPHPHHHPPHPPHPPPPHHPPPHPHHPHPHHHPPHHHPHHPPHHHHPP
180,PPPPHPPHPHHPHPPHHHPPHHHPPHPHHHHHPPHPHHPPHHHPPHPPHPHPPPHPPHPHPPPHPPPPPP
181,HPHHPPPHHHPPPHHHHPHPPHHPPHPHHHPHHPPPPHHHHHHHHPHPHHHPHHHPHHPPPPPHPPHPHH
182,HHHHPHPPPHPPPHHHPHPPPPHHHPHPHPPHPPPHHHHHHHPPPPHHHHHPHHHHHHHHPHHHHHHPPP
183,HPPHPPPHHHHPPHHHPHHHHPHHHHHPHPHHPPHPHPHHHPHPPHHPHPPPPHPPHHHHPPPPHHHPHP
184,PHHHHHPHHPPPHHHHPPPHPHHHPPPPPPHPPPHPHHPHHPHPPPPHPPHPHPHHHHPHPPHHHPHPHP
185,HPHHPHPPPHPPPPPHPPHHHPHHPPPPHPHHHPPPPPHHHPPHHPHHHHPPHPHHPPPHPPHHPPPHPP
186,HPHHPHPHHHPHPHHPHPPPHHHHHPPHPHHHHHPPPHPHHHPPPPPHPHPPHPPHHPPPHHHHPPPHHP
187,PPPPPPHHHHPPPPPPHHPHPPPPPHPPHPPPPHPHPHHPPHPPHPPHHHHHPPPPPHPPPHPPPHPHPP
188,PPPHHHHHPPPPPPHPPHHPPHHPHPPPPHHHHHPPPHPHHPHHHPPPHPHHPHHHHHHPHPHHHHHHHP
189,PPHHHPHHPHHPHHPHHHHHPPPHPHPPHPPHHHHPHHPHPPPPHPHPPHPPPHHPPHHPHHPPHPPHPH
190,PHHPHHHPHPPHHPPPPHPPHPPHPPHPPHPHPPHHHPPHHHPHHHHPPPHPPHPPPPPHPPPPPHHPPH
191,PHHHHPPPHHPPPHPHHHPHHHPHHHHPPHHPPHHPPHPPPPPPHHHHHPHPPHHHPHHPPHHPPPPPHH
192,HHHPPPPPHPPPPHHHHPPHHHHPHPHPHPHHHPPHPHHHPHHHHHHHHHPHPPHHHHHHPHHPPPPHPP
193,HPHHHPPPHPHHPPPPPHPPPHHPPPPPHPHHHHHPHHPHPHHHHHHHPPPPHHHHHPHPHHPPPPPPHP
194,HHHPPPHHHHHPHPHHHPPPPHHPHHHPHPPPPHPHHPPHHHPHPPPHPPPHPHPPPHPHHPPHHHPHHH
195,HHHPHHHPHHPPHPPHPHHHPHHHHHPHPHHHHPHHPPHHHPPPPHPHPHPHHPHHHHHHPHHHPPPPPH
196,PHPPHHHPHHHPHHHHPPPPPHHPHHHPPPPHHPPHPPPHHPHHHPPHHHPPPPPHHHHPHHHPHPHPPP
197,HHHPPPPPHHHHHPPPPPPHPPPPPPHPPPHPPHHPHHHHPHHHHPPPHPPHHPHPPPPHHPHPHHHPPH
198,PPPPPHHPPHPPHPHHHPPPPHPPPHPHHPPHHPHPPHHHPPPPPPHPPHHPPHPHPHHHHPHPPHPPPH
199,HPHPHPPPHPHHPHHPPPPPHPPHHPHPHPHPPHPHHHPHPHHHHPHPHPPHHHPHHPPPPPHPHPHPHP
200,PPPHPHPHPHHPPHPPPHPPHPHPPHPHHPPHPPHHHPPHHPPPPPHHPHPHPHPPHHHPHPHPHPHHHH
201,PHHHHHHHPHPPHHHHPHHPPHHPHHPPPHHPHPHPPPHPHPHHPPPPPHHHHHHPPPHHHHPPHPPPPP
202,HHHHHHPHHHPHHHHHPPPPPPHPPHHHPHPHHHPHHPPPPHPHPHHHHPPHHHHPHHPPPHHPHPPHHP
203,HHHHPHHPPPPHHHHHPPHPHPHPPPPPHPPPHHPHHPHPHPPHPHHPHHHHHPPHPPPHPPPHPPHHPP
204,PHHHHHHPHHPHHHHPHPHPPPHPHPHHHPHHHHHHHPPPHHPHPPPPHPHPPPHHPHHHHHHPPPPPPP
205,HHPPHPHPHHPPHHHPPHHPPHPPHHPPPPPHPHHPPHPPPHHHPPPHHHHHPHHPHPHHHHHHPHPHPH
206,HHHHPHPHPHHPHHPHHHPHHHHHHPPPPHHPHPHHHHHPPPPHHPPHPHHPHHHHPHHHPPHPHHHHPP
207,HHPPPPPPPHHHHHHHPHPHHPPPHHHHHHPHPHHHPHHPPPHPHHPPHHHHPHHHHHHHHHPPPPPHHH
208,HHPHPPPHHPPPHHHPPPHPPHHPPPPHPPPHPHHPHPHPHHPHPHHPHHPPHHPHHPHPHPPPHHPHHH
209,HPHPHHHPHPPPHPPPPPPHHPHHHPPHHHHPHPHPPPPHHPHPHHHPPHHHHHPPPHPPHPHHHPHPPH
210,HHHPPPHPPPHHPHPPPPHHPHPPPPHPHPPPHPPPHHHPPHHPPPPPPPHPHHHPHHHHPPPPHHPHPP
211,HPHHPHPPPPPPPHPPHPPPHPHHPPHHHHHPHHPPPPPHHHPHHPPPHPPHHHHHPHPHHHHHPPPHHH
212,HHHHPPPHHPHHPPPHPHPHHPPPHPPHPPPHPPPHHPHPHPPHHHHHPHHPPPPPPHHPHHPPHPPHPH
213,HPHHHHHPPHPHHPHPHPPHPPHPPPHHPPPPHPPHPPHPPPPPPHPHPPPHPPHHHPHHHHHPPHHHPH
214,HHHPPHHPHPHPHPPPPPHHPPPPHHPHHPHPHHHHPPHPHPHPHPPPHPHHHHPPPPHHHPPPHPPHHH
215,HHPPHHHPHPPPHPHPHHHHPPHPHPPHHPPHPHPHHHHPHPPHPHPPHPHHHHHPPPHPHPPPPPPHPP
216,HHHHHHPPHHPHHPPPPHPPPPHPHPHPPPPHPHHHPPHHHHPHPHPPHHHHPPPPPHHHHHPHHHHPHH
217,HPHHPHPHHPPHPHPPHHHHHPHPHPPPHPPPHHHHPPPHHHPHHHHHPHPHPPHHPPHHPPPHHPHPPH
218,PPHPPPPHHPHPPPHPHHHHPPHHHPPPPPHHHPPHHHPPPHPPPHHHHPPHHHPHHPHPPHHHPHHPHP
219,PHPHHPPHHPPPPPHPHHHHHHPPHHHPHHHPHPPPPHPPHPHPPPHHPHPPPHHHPPHHHHHHPPPPPH
220,PPPPPPHPPPPHPHHHHHPHHPPPHPPHHPPHPHPPHPHHPHPPPPPHPHPPPPHHHPHPHPHHHPPPPP
221,HHPPPPPPHPPPPHHPHPPHHPHHPHHPPPPHHPHPPHHHHHPPPHPHPPHHPHHHPHHPHPHHPHPHHH
222,HPPPHHHHHHHPPHPPPPPPPHHPHPHPPPPHPPHHHPHHPHHPPHPHHHPHPPPHPPHHPHPHHPPHHP
223,HHHHHHHPHPPPPPPHHPPHPPPPHHPHPHHHHHHHPHPHPPPHPPPPHHHHHPPHPHPPPPHPPPHPPP
224,PHHHHPPHPHPPHHHHPHPPPHHPPPHPPHHHPHHPPPPPHPHHHPPHPHPPPPHPHPHHHHHHPPHPHH
225,PPHHHPPHPHHPPPPPHHPPPHPHPPPPHHHPHPHHHPPPHPHPHHHPPPPPHHPPHHHHHHPHHPPHHH
226,HHPPPPPPHHHPHPHPHPHPHPHPPHHHHHPPPHPPHPHPPPHHHPHHPPPPPHPHHHPPHPHPPPHPPP
227,HHHPPPHPHHPHHHPPPHPHHPHPHHHPPHPHPHPHHHHPHPHHHHHPHHPHHHPHHHHPPPHHPHHPHP
228,HHPPHPPHPHHHHHPHPPPHHPPHHHHPHPHPHHHHPPPHHHHHPHPPHHHPHPPPHHHPPHHHHHPHHH
229,HHPHHHPPHHHPPPHHPPPPHHHHPHPPHHHPHPHPPPPPHHPHHPHPPHPHPHHHPPPHPHPHHHHPHP
230,PPPPHHPPHPPPHHHPPPHHPHPPPHHPHPPPPHPPPHHPHPPHPPHPHPHPHHPHHPHHPPHHPHHPHP
231,HPHPHPHHPHHPHHPPPPHHPPHHHPPHHPPPHPHHPHPHHHHHHPHPPPHPPPHPPHHHHHPHHPHPPP
232,HPPHHPPHPPHHHPHPPPPHHPHPHPHPHHPHHPHHPPPHPHPHPPPPPHPPHPPPHPHPPHHHHPPHHP
233,PPPPPHHHPHPPPPPHPPPHHHHHPPPPHPPPPPPPPPPHHHPPPHPHPHHHHPHHHHHPHPPPHHHHPP
234,HPPHHPPHPHPPHHPHPHHHPHHPHPPPHHPHHPPHHPHHPPPHPHHPHHPPHHPHHHPPHHPHPPPHHP
235,PHHPHPHHPHPHPHHHHPHPHHPPPHHPHPHHPPHPPPPHPHPHHPHPPPPPPHHPHPPHHPHPHHHPHH
236,PPHHHPPPHPPPHPPPHPHPHHPHHHPHPHPPHHHHHHPHPHHPHHHHPPHHHHPHHPHPPPPHPPPPHP
237,HHHHHPPPHHHHHHPPHPHHHHPPPHHPHPPHHPPPPHHHHHHHHHPHHPPHPPPPPHHPPPPHPHPPHH
238,HPPPHHHHHPHHPHHPPHHHHPPPHHHPHPPHPHHPPPPPPHHPHPHHPHPPPPHPPPHHPPHPHPHHPH
239,HHPHHPPHHPHHHPPHHHPHPHHHHHPHPHHPHHHPPHHPHPHPHHHHPHHHPPHHPHHHPHPHHPPPPH
240,PPPPHPHPPHPHPPHHHHHHPHPHPHPHHHPHPPHPPPHPPHPPPPPHHPPHPHHPPHHHPPPPHHHHHP
241,HPPHPHHHPPHPHPPPHPPPHHPPPHPHHPHHHHPHHPPPHPHPPPPPPPHPHHHPHHHPHHPPHPPHHP
242,HHHPHPPPHPHHHPHHPHHPHHPPPPPHPPHPPHHHHHHHHHHHPHPPPHPPHHPHHPHHHPPPHHHHPH
243,PPHHHHHPHPPHHPPHHHHHHHHPPPPPHHPPPHPHHPPPPPHHHHHPHHHHHHPHPHPPPHPHPPPHPH
244,PHHHPPHHHPHHPPPHPPHPHPHHHHPHHHPHHPHHHHHPPHPHHHHHHPHPPPPPHHPPPPPPHHPPHH
245,PPPHPHHHHHPPHPPHHPPHPHHPPPPHPHHPPHPPPPPPHPHHPPPPHPHPHPHHHHHHHHHHPPPHPP
246,PPPHPHHHPPHPPPHPPHHHPHHPHHPPHPHPPPPHPPPPHPHHPPPHPPPHHPHPPHHHPPHHHPHPPP
247,PPPHHHHPHHHPPPHHHHPPHHPPPPPPPHPHHHHHPPHPHHPPHHHHHPHPHHPPPPPHPPPPHHHPHH
248,PPHPHHHPHPPPHPHHHPPPPHHHHHHHHPHPPHHHPHPHHPHPPPHPPHPPHHHHPPHHPHHPHHPHPP
249,PPPHPPHHHHHPPHHPHHHHHPPHPHHHHPPHPHHHHHHHPPPHHHHPPHPPHHPHPHHHPPHHHHPPHH
250,PPPHHPHPHHPHHHHPHHPHPPPPPPHHPHHPPHPPPPPPPPHPPPPPHHPHHPHHHPPHHHHPHPHHHH
251,HPHPPPHHPHHPHHPHHPHPPPPPHPPPPHPHHHHPPPHHPPPPPHPHPPHHHHPPHHHPHHPPHHPHPH
252,PHHPPHHHPPHHPHPPHPHPPHPHHHHHPPPPHHPPHHPPPPHHPPPHHPHHPHPHPPPPPHPPHPHPPP
253,HHPPHPHPPPPPPHHPHHPPHHPHPHPHPPHHPHHHPPPPHPHHPHPHHHHHPPPPHHHHPPPHHPHHHH
254,HPHPPPPPHPHHPHHPHHHHHHHPHHPHHPPPPPHHPPPPPHHHPHHPHPHHPPHPHPPHHPHPPHHPHH
255,HPPPPPHHHHHHPHPPHHPHHPHHHHPHPPPPHHPPHHHPPPHHHPHPPPPPPPPHPHPPPPPHHPPPHH
256,HPPPHHPHPPPPPPPHPPPPHHPPHHHHPHHHHPHPHPPPHPHPPHPPPHHPHHHPHPPPPPHHPPHHPP
257,HHPPHPHPPPHHPHHPHHHHPPHHHHHHHPHHPHHHHPHPPHHHPPHHHHPPPHHHPPHHHPPPPHHHHP
258,PPHPPPHPPHPPPPHHPPPPHPPPPPHPHHHPHHHPHHPHPPPHHPHHPPPHPHHPHPHPPHPHHPPPPH
259,PHPHPPHHPPPHPHHPHPPHHPHPHHHHHPHHPHHPHPHHHPPPHPPHHPHPPPPHHPPHHPHHPPPHPH
260,PHPPHPPHPHHHPHHPPHPHHPHPHPPHHPPHPPHHHPHHHHPHHPHPHPPHHHHHHPPPHHHPHPPHHH
261,HHHHPPPHPPHPHHHHHHHHHPPPPPHHHPPHHHPPHHPHHPHPHHPPHHHPPPHPHPHHPHPHHPHHHH
262,PHPHHHPPHPPPPPPHHPPPPPHHPPHPPPPPPHPHHHPHHHHPPPPHHPPPHPHPHHPPPHHPPPPPPH
263,HPHHHHPPHHPHPHPPPPHPPHHPPPPHHPHHHPHPHPPHHHHPHPPPPHPPPPHHPPPPPPPPPPPPPH
264,HPHPHHHPPPHHHPPPHPHHHHPPHPPPHPHHPHPHPPHPHHHHPHPPHPPHHHPHHHPPPHHHHHPHPH
265,PPHPHPHPHPHPHHHHHPPHHHHPPPPPPPPPHHHHPHPHPHHHHHPPHPPHPPPPPHHPPHHHHHHPPH
266,PHPPHHHPPHHHHPPPHPHHHHPHPHHPPHPHHHPPHHHPPHPHHPPPHHPPPHHHHHPHPHPPHPHPHH
267,PHHPHPPHPPHHHHPHHPPHHHPPPPHPPPHHHPPHHPHPPHHHHHPPPHHPHPHPHHHHPHPPPHPPPP
268,HHHHPHPPPPHHPHPHPPPPPPPPPHPPHHHPPHHHHPHPPHPPHPHPPHHHPHPPPHHPHPPHPPPHPP
269,PPHPHPHPHHPPPHHHPPPPPHPHPHPPHPHPPHPPHHHHHHHPPHPPHHPHHPPPPHHHPPHHPHPPPH
270,PPHHHPPPPPPPHPPPHPHHHHHHPHHPHHPPPPPHPPPHHPHHPHHPHHPHHHPPHHPPPPHHPPHHPH
271,PPHHPPPPPPHPHPPPHPHHPPHHPPPHPHHPPHHPHPPPPHHHPHHPPPHHPHHPHPHPHHHHPPHPHP
272,HPPHHPPPHPHHPHPHHPHHHPHHPPPHPPHHHPPHPPPHPPHHPPHPHHPPPHPHPHHPHPPHHHPHHP
273,PPPHHPHHHHHPHHHPPPPPPHPHHHPHHPHHHHPHPPPHHHHPPHPPPPPHPHPHHPPPPPPPPPHPHP
274,PPHHHHHHPHPHPHPPPPPPPHHPPHHHHHPPHHHHHHHHPHHHHPHPHPHPPPHPHHHHPPHPPPHPPH
275,HHPPPHPPHHHHPHHHHHPPPPHHHPPPHPHPPPHPHHHPHHPPPHPHHPPHPHPHHPHHHHHHPPHPHP
276,PPPHPPPPPPHHPPHHPPHHPPHPHPPHPPHPPPHHPPHPHHHPPHHPHHHHHPPPPHHHHHHPHPPPHH
277,PHPHHHHHHHHPHHHHPPHHHHHPHHHHPPHPPHPPPHHPPPHPPHPPPHPPPPHPPPHPHPHHHPPPHP
278,PPHPHPPHPPHPPPPPHPHHHHPPHPPPPHHHPHPPPHPPHPHHPPHHPPHPPHPHPHHPHPPHHPHPPH
279,PPHPPHPPHPPPPPPPHHPHPHPPHHHHHHPHPHHHPHHPHHHHHPHHPPHPPHHHPPHPPHHPPHPPHP
280,HPHHPHPHPPHPHHHPPPHHHPPPHPPHHHHPPPHHPHHHHPPHHPHPHPPPPPPHHPPHPPPPHPHHHH
281,HPHPPHHHHPPPPHHHPHHPHPPPHPHPHHPPPHHHHHHPHPPPHHPHHHPPHPPHPHHPPPHPHHHPPP
282,PHHHPHPPHHHPPPPHPHPPHPPHHPPHPHHHHPHPPHHHHPHHHHPHHPPPPHHHHPPHPHPHHPPHPH
283,HHHHHHPHPHPPPHHPPPHHHHHPHHPPHPHPPPPPHPHPHHHHPPHHHHPPPHPHPHPPPHHPHHPPHP
284,HPPPHHPPPPPHHPPPHPPPPPHHPPPPHPPPHHHHHPPHPHPHPHPHHPPHHHPPPPHHPPPHHHPPPH
285,HPPPHPHHPHHPHPHHPPPHPPPPPHHHPHPHPHPHPPHHHHHHHPPPHHHHPPPPHPHHHHPPHHHPHH
286,HHHHPPPHHHPHPPPPPHPPHHPPPPHHHPPPPHPHPHPHPPPPHPHPPPHHPHPHPPPHHPPPPHHPPH
287,PHHHPHPHPHHPHPPHHPPHHHHHHHPPPHPHPHPPHPHHHPPPHHPHHPHPPPPPHPHHPHHPHHPPPH
288,PPPPPPPPHPPHHPPHPHHHPHHHPHPHPHHPPHPPPPPPPPPPHPPHHHPHHPPPHPPHPHPPPHPPHH
289,HHHPHHPHHHPPPPHPHHHHHHPHHPHPHPPHPPHPHPPHPHPHHPHPHHHPPPHHHPPPHHHPPPPPHP
290,PPPHPPHPPHPPPPHPHPPPPPPPHHHHHHHHPHHHPHHPPHHHHHPHHHPHHHPPPHPPPPHPPHHHHH
291,PPPHPPPPPHPHPPPHPHPPPHPPPHHPPPPPPPHPHPPHHPPHPPPPPPHPPHPHHHHHHPHHPHPPPH
292,HHHPHHHHHHHHPPHPHHPPHPPHHPPPHHPPPHPPHHHHHHHPHPHHPPHPPHHPHPHPPHPHHHPPPH
293,PPPHHPHPHHPPPHHPHPHPPPPPPPHPHPHHHHHPPPHHPHHPHPHHPHHPPPPHHHHHPPPHHPPPPP
294,PPHPPHHPPPHHHPHHPPPHHHHHHPHHHHPPPPPPHHPPHPPPPPHPPPPPHHHHHHPPPHPHPPHPHP
295,HHPPPHHPHHHHPPHHPPHPPPHPPPPPHHHPPHPPPPPHPHHHPPPPHHPPPPHPPHHHHHHPPPPPHH
296,HHPPPHHHHHHPPPHHHPHHHHHHHHPHHHHPHHHPPPPHPPPPHHPPHHPPPHPPPPPPPHPHPPPPHP
297,PPHPHHHPHHPPPHHPHHHPPHHHPHHHHHHPHPHPHHPPHPHPHHPPPPPHHHPHPPPHHPHHPPHHPH
298,HPPPHHPHHHPHPHHHHHPPPPPPPPPPPHHHPPPHPPPPPPPHPHHHHHHPHPPPPPPPHPPHHHHHPH
299,PPPPPPHHHHPHPPHHPPHPPPHPPHHPHPHHPHHPPHHPPHPHHHPHHPHPPPHPPHHHPPHPPPPPHH
300,PPPHHPHHPHPPPHPPHPPPPHHHHPHPHPPHHHPPHHPHPPPHHHHPHHPHPPPPHPHHHHHHHHHPPP
301,PPPHHPHPPPHPHHHPHHPPPPPHPHPHPPHPHPPPHHPHHHPHPHPHHPPHHPHHHPPHHPHHHHHPHH
302,PHHPPHPHPHPHHHPHHPHHHHPPHPHHHPHHHPHHPPHPHHPHPHPHPHHHPPPHHHPPHPPPHPHHHH
303,HPHPPHPPHHHPHPPPHHPHHPPPPPHHHPHHHHPPPPPHPPPHPHHHHHPHHPPHHHHHHPPHHHHPHP
304,PPPPHHPHPPHPPPHPHPPPPHHPPPPHPHPHPPPHHHPHHHHPPHPPPPPHPPPHPHHPPPPHHPPHHH
305,HHHPHHHPHPHHPHHHPPHHPPPPPPPHPHPHPHHPHHPHHPHHHHPHPHPHHHHPHPPPHPHPHPPHPP
306,HHPHPPHPHPPPHPPPPHPHHPHHPHHPPPPHPHHHHHPHHPPPPPHPPPPPPHHHHHHHHHHPHPHHHH
307,HPHHPHHPPPPPPHHHHPPHHHHHPHPPPHPPPPPPHPHPPHPPPPHHPPHHHPPHHHPHHHPHHHHHPP
308,PHHHHHHHHHPHPPPPHPPHPHHHHPPPPPPHPPHPHPPHHHPPHPPPPHHPHPPPPPPPPHPHHHPHPH
309,PPHPHHPHPPHHHPHHPPPPHHHPHPHPHPPHPHPPPHPHHPHHPPHHPPPHHPHPHHHHHHHHPPHPPP
310,PPHHHHPPPPPHHPPPPHHHHHHPHPPPPHHPHHPHHHHPHPPPHPPPPPPHPHHHHHPHHHPHHPPHPP
311,PHPPHHPHPHPHPPHPHHHHPPPHHHHPPHPPPPPPHPHPHHHHPHPHPHPPPPPHHHHHHHPPHHHHPH
312,PPPHPHHHHPHHPHPPPHPPHHPHHPPHHHPHPPHHPPPHPHPPHPPPHHHPPHPPHHPHHPHPHPHPHH
313,PHPHPHPHHHPPPPHHPHHPPHPHHPHPHHHPHPHPHPHPPPHHHPHPPPPHPPPPPHPPPHHHPHHPPH
314,PPPHPPHPHHHHPPHHHHHHPPHPPPPPPHPPHPHHPHHHHHHHPHPHPHPPPHPHHHHHPHHHPPHHHP
315,HPPHHHHHPPHHPHPPPHPHPPPPHPHPPHPHHPHHPHHHHHHPHPPHHPPHPHPPHPHPPHPHPPHHPH
316,HPHPPPPHHHPHHHPHHPPPHHPHPPHPHPPHHPPPHHPHHPPHPPPPPPPHHHHPPPPHHHPHPHHPPP
317,HHPHPPHPPPHPPPPPHPHHPPHHPHHHPHPHHHHHPHHHPHPHHHPPHPHPPHHPPHPPPHHHPHHPHP
318,PHPHHHHPHHHPPHPHHPPHHPPHHPHHPHPHPPHPHHPPPHPPHPPHPHPPPHPPHPHHHHPHPPHHHP
319,PPPPHHPHHHPPPHPPPHHPHPHHPPPHHHHHHHHHPHHPHPPPHHHHPPPPHPHPPHHHPPPPHHPPPP
320,HPHPPPHHPPPHHHPHHHHHHHHHHHHPHHPHHPPPPPHPPPHPHPPHPPPHPPHHHHHPHPPPPPPPHH
321,PPHHHHHPPHPHPPPHPPHPPPHPHPHHPHHPPPPHPHHHHHPPHPHHHHPPHPPPHHHPPHPPPPPHPH
322,HPPHPPHHHHPPPHHPPHPHHHHHPPPPPHPPPPPHHHHHPHPHPPHHHPHHHHPHPPHHPHPPHPHHHH
323,HHPHPHHPHPHHHPPPHPPPHHHHPPPHPHPHHPPHHPHPPPHPPPHHHPHPPHHPPPHHHHPHPPHHPH
324,HPHHHHHHPHHHHPPHPPPHHHHHHHPPPPPPPHPPPPHPHPHPPHHPHPHPHPHPPHPHPHPHPPHPHP
325,PHHPHPPHHHHPHPPHPHPHPHHPPHHPPHPHPHPHHHPHPPHHHHPHHHPHPPPPPHHPHPPHHPPHPH
326,PHPPPPPPHPHPHHHHPHPPHPHPHHPHPPHHHHHPHPHHPPHHPPPHPHHHHPPHPPPHHHPHHPHHHP
327,HPHPPPPHHPHHHHHHPHPHPPHHPPPPPPHPHHHPHHHPHHHPPPPPHPHHPPPPHPHHPPHHPHHHHP
328,HPHPPHHPPHPHHHPHHHPHHPPPPHPPPHHPHPHPHPHPHHPPHPPPHHHHPPPHHHPHPHHPPPPHPP
329,HPPHHPPHPPHHPPHHHPHHPHPPHPHHHHPHPPHHPPHHHHHHPPPHPPHPHPPPHPHHPHHHHPHPPH
330,PPPPPHPPPPPPHPHHPPHPPPHHHHHHHHHPHPHHPPHHHPHHPPPPPPPPHHHHPHHHHPHHPPHHHP
331,PPHPPHHPHHPHHHHPHPHHPHPHHHPPPHPHHHPPPPHHHHPPPPPHHPHHPPPPPPPPHPHHHPPHHH
332,HPHPHPPHHPHPPPHHPPPPPHPPHHHPPHPHHHHPPHPPPHHPHPPHHHPHHHPHHHPPPPPHPHHHPH
333,HHPHPHPPHHPHHPPPHHHPPPPPHPHHPHHPPHPHPHHPPPHHHPPHPPHHPHPPPHHPHPPPHHHHHP
334,HPPHHPHHPPPPPPPPHHPHHHPHHPPPPPPHHHHPPHHHHPHPHPPHHPPPPHPPHHPPHHPPPHHHPP
335,PHHHPHPPHPHPHHHPHPHPPHPPHPPHHPPHHHPPPPPPPPPPHHHHHPPHPPHPPPHHPPPPPPHHHH
336,PPPPPPHPHPHPPPPHPHHPHHPHHPHHHPPHPHHPPPHHHHHPPHHHPPHHPHPPHHHPPHHPPPHPPH
337,HHHPHHHPHHHHHPPHHPPPHPHHHHPPHHPPPPPPPPHPPPHPPPHPPHPPHPHHHHPHPPPPHPHPPH
338,PPPPPHPHPPHHHHHPPHHPHPPPPHHPPPHHHPPHHPPHHHPHPHHHHHPPHPPPPPPPPPHHPHHPPP
339,PPHPPPHPHPHHHHHHPHPHPPPHHHHHPPHPHHPHHPPHHHPPPPHHHPPHPHPPPHHPHHPPHPPHHH
340,PHPPPPHPHHPPPPHPPHPHPHHHPHHHHHHHPHPHHHPHPHHPHPPPHPHHHHHPHHPPPPPPPHHPHP
341,PHHPHHHPPPPHPPHHPPPHHPHPPPHHPPHHPPHPHHHPPHPHHPHPPPPPHPPHHPHHHPHPHPPHHH
342,PHPPPHHPPPPPHHPPPPHHPHHHHHPHHPPHPHHPPPHPPPPPHPHHPPPHHPHPPPHPPPPHPHPHPP
343,HPPPHPPPHPHHPHPHHHPPHHPHHHHPHHPHHPPPPPHHHHPPPPHPHHHHPPPHHPPPPHHHHHHHHH
344,HHHHPPPHPHHHHHHPHPPPPHHPHPHHPPHHPPHHHHHHHPPHPPHHHHPHPPPPHHHHHPPPHPHHHH
345,HHHHPPHPPPPHHHPHPHHPPHPPPHHHHPPPHPPHHPHHPHHHPHHPHPHHPHHHHPPPPHPPHPPPHP
346,PPHPPHHHPPPPPHHPPPHPPPHPHPHHHHHHHPPHPPHPHHPHPPHPHPPPPPPPHPPHHHPPHPHHHH
347,PHPHHHHPHHPPHPPPHHHHHPPHPPPPPHPHHHHPHHHHHPHHHPPPPPHPHPPHHHPHHHPHPPHPHP
348,HHHHPPPPPHHPPHPPHPPHPPPHHHHHHHHPPPPPPHHHPHPHPHPPHPHPPHHHPHPHHPPHHHPPPP
349,HPPHHPHPPHHHPHHHHHPHPHPHPPHHPHHPHPPHPHHPHHPHHHPPPPHPPPPPHHHPPHHPPHHPPP
350,HHPPHPPPPPHHPPHPPPPHPHPPHHPHPHPHHPPPHPHPPHHHHPHPPPHPPHPHPPHPHHHHHPHHHP
351,HHPPPHHHHHPHHPPHHPPHPHPHHPHHHHHPPPPHPPPPPHHPHPHHHPHHPPHPHHPHHPHHHHPPPP
352,PHHHPPHPHHHHHHHHPPPPHHPHHPPHPPPHPPPPHHHHHHHPHHPPHPHHHPPHHPHHPHPPHPPHPH
353,HPPPPHPPPHHPHPHPHPHHPHHPPPPHPHPHPHHPHHPPPPHHHHHHPPPPPPPHHHPHHHHHPPHPHP
354,HHHPPPPPHHPHHPHHPPPHHHPPHPPPPHPPPPPHHPHPPPPHHPHPHHPHPPHPHHHPHPPPHPPPPH
355,PHPHHPPHHHHPPPHHPPPHPPHPHPPHPPHHPHPPHPHPPPHPPHHPHHHPPPHHPHPPPPPHPHPPHH
356,PHPPPPPHHPHPPHHHPPHPPPPHPPHHPPPHHPPHPPPHHHPHHPHHPPHHPPHHHPPPPPHPHHPPPH
357,PHHHHHHHPHPPHPPPHPHPPHPPHHPHPPPHPHHHPPPHPHPPPHPHPHPHHHPHHHPPHHHHHPHHHH
358,HHPHPHHHPHPPPHPPPHPPPPPPPPPHHHHPHPHPHHHPPPPPPHPHPPPHHHPPHPPHPPPHPPPPPP
359,PPHPHPHHPHPHHPPPPHPHPPPPPHPPHPPPPHHPHPPHHPHHPHHPPHPHPPPHPHPPHHPHPPPPPH
360,PPPHHPHHPHPHHPPPPHPPPHPPHPPPHPPHPHPHPPPPPHHPPHPPPHPHPHPPPHPPHHHPPPHHHH
361,HPHPHPPPPPPPHHPHHPHPPPHHPPPPPPHHPHPPHPPPPPPHPPPHHPHPHPPHPPHHHHHHHHPPHH
362,HHPHPHHPPPHHPHHPPPHPHHHHPHHPPPHPPPPHHHHPHPHHPPHHPPPHHPHPPPPHPHHHPHHPPP
363,HHPHPHPHPHHPHHHHPPHPHHPHHHHPPHHPPHHPPPPHHHPHPHHHHPHHHHPHHPPHPPPPPHPHPP
364,PPHPHPPPHPPHPPPPPPHPHPHHPPHHHPPHPPHHHHHPHPPHPPHPHPHHHPPPHPPHHHPPHPPPHH
365,HPPHPHPPHHHHHHPPPPPPPHHPPPPPPHPPHHHPPPHHPPHHHHHHPPHPHPHPPHHHHPPHPHPHHH
366,PHPHPPPHHPPHPPPPPPHPHHHHPPPHPHHHHPHHPPHHPPHPPPHPHHPHPHPPHPPPHHPPHHHPHH
367,PPHHPHPPHPHHHHHHHHPPHPHPHHHHPPHPPHHPHHPHHHHPHPPHPPPHHHPPPHPPHPHHPPPPHH
368,PPHHHPHHHHHHPPPHHHHHHPHPHPHPPPPPHHPHHPHPPPPPHHPHPPHHHHHPPHPHHHHHPHPPHP
369,PPHHPPPPHPHPPPPHPPHHHHPPHPPPHHHHPHHPHPHHPPPHPPHHPHPHHPHHHHHPHPHPHHPPHP
370,PHHHHHPPHHHHPPHPHHHPPHPPHPHPPPPPHPPHHHHHPPPHPHPHPHHHHPHHHHHHPHPPPHHPPP
371,PHHPPHPPHHPHHPHPHHPHPPPPHHPPPPPHPPPHHPHHHPHHPPPHHPHPPHHHPPPPHPPPPHPHHP
372,PPPHHPPPPHPHHPHHHHPHHPHPHHHPPPHHHPHPHHHHPPPHHHHPHHPPHPHPPPHHPHHPHPHHPP
373,PHPPPPHHPPHHPHPHHPPPPPHHHPHPHPPHPHPHHPPPHHHPHPPPPPHHPPHHHPHPHHHHHHPPHH
374,HHHPPHPPPHHHHPPHHPHPHHHHPPHPHPHPPHPPPHPHPHPPHPHHHHPHHHPHHPPHPPPPHPHPHH
375,PHPPHHHHHPPHHHHHHPHPHPHHPPHPHHPHHPHHPPPPHHPPPPPHHHPHPHPPPPPHPHPPPHHHPP
376,PPHPHPHPHHPPPHHPHHPHPHHPHPHPHHHHHHPPHHHPHHPPPHPHHPHPHPHHPPHPHHHPPPPHPH
377,PPPHPPPHHPHHPPPPHHPPPHPHPHHHHHHPHPPPPHHPPHHPHHPHPPPHHHHHPHHHHPHHPHHHHP
378,HPPHPHHHHPPHPPHHPPHPPHPHPPHPPHPHHPPHHHPPHPPHPHPHPPPHHHHPHHHPHPHPPPHHHH
379,HPHHPHPPPHPPHHHHPPPHHHHHHHHPPHHPHPHPPHHPPHHPHPHHPHPHHHHPHHPPHHHPPHHHPP
380,HHHHPPPPPHPHHPPPPPHPHHHPPHPHHHHPHPPHHHHHPHHPHHHHPPPHPPPHHPPPPHPHPHHHHP
381,PHPPPHHPPHPHPPHHPHPHHHPHHPPPHPHPHPPHHHHPPPHPHPPPHHHPHPPHHPPPPPHHPPPPPH
382,HPPPHPPPHPPHPHPPHPPHPPPPHPPPHPPHHPPPHHHHHPPPHPHPPPHPPPHHPHPHPHPPHPHPHP
383,PHHHPPHPHHHPHPHHHPHHHHHHHHHPPHPPHPHHPHHHHHPPPHHHHHHHPPPHPHHPHPPPPPHHPH
384,PPPPHHPHHPHPPHHPHHPPPHPHHPPPHHPPPHHHHHHHHHPPHHHHHPPPHHHHHHHPPPPHPPHHHH
385,PHPHHHPPHPHPHHHPPPHHPPPHHPHHHHHHHHPHHPPHPHHHHPHHPPHPPHPHPPPHHPHPPPHHPP
386,PPHPHHHPHPHHHHHHHPPHPHPPHPHPPHPPPHHHHPHHPPHHHHPHPHPPHPHHHHHPHPPPHPHHPH
387,HHPPPPPPHHHPHPPHHPPHPPHPHHPHHHPHHHHHHHPPHPPHHHPPPPHHPPHHHPPHHPHPHHPHPH
388,PPPPPHPPPHPPHPPHPPHHPHHHHHPHHHPHPPHHHPHPHHHPPHPHHHHHPHHHPPPHHHHHHPHPHP
389,HPPPHPPHPPHHHPPPPPHHHPHPPPHHPPHPPHHPPPHHPHHHPPHPHHPPPHHPHHPHHHPHHPHPPH
390,HHHHHPPPHPPHHPHPHHPHPHHPHPHHPHHPHHHHHPHPPPPPPPPHPPHHHHPHPHPHPPHPPPHPHP
391,HPPPHPPPHPPHHHPHPPHHHPHHHPPPHHPPHHPPPPHPPPPPPPPPHHHPHHHHHHPPHPHHPHPPPP
392,PPPPHPHPPPPHHHPHHHPHHHPHHHPHPPPPPPPHHHPPPPHHPHHHHPHPHPHPPHPPPPPHPPHHPH
393,PPPHHHHHHHPPPPHPPHHHPPPPPPPHHPPHPHPHPPHHPHHPHHHPPHHHHHHPPHPPPPPPHHPPHP
394,PPPHPHPHHHHHHHPPHHPHHHPHHHHHHPPHPPHHPPHPPPPHPPPPPPHHHPHHHHPHPPPHHPPPHH
395,PHHPPPPPPPHPHPPPHPPPPPPHPPPHPHPHPHHHPHHHHPHPHHPPPPPHPPPHPHHPPHPHHHHHHP
396,PPHHHPHPHPHPHHPHHPPHPHHPHPHHPPHPPPHHPPHPHPHHHPPHPPHHHPHPHPHPHHHPHHPHPP
397,PPHHHHPPPPPHHPHHHHHHPPHHHHHHPPPHHPPPHHHPHPPHHHHPHHPHPHHHHHPHPHPPPPPPPH
398,PPPHHHHPHPPHHHHHPPHPPHHHPPPHHPHPPHHHHHPPPHPHPHHHPPHHHPHHPHHPHPHPHHPHHH
399,HPPHHHHHHPHPHPPHHPPHHHHPHPHHPPHHPPPHPPHHHHHPHHPHHHHPPHPHHPHHHPPPHHHPPP
400,HHHPPPPPHPPHHPPHPHHPHPPHHHPHPPPHPHPPPHPHPHPHPHPHHPHHPHPPHHPPHHPHPPPHPP
401,PHPPHHHPHPPHPHHHHHHHHHHPHPPHHHHHHPPHPPHHPPHPHHPPPHPHHPHHPPHHHHHHHHHPHP
402,PHHPHPHHPHHHPHHPHPPHPHPPPPPPHPHPHHHPPPHHHPPPPHPPPHHHPHHHHHHPPHPPPHPPPP
403,HHHHHHHHPPHHHPPHPHPHHHPHHHPPHPPPHPHPHPPHPHPHPPPPHPPPPPPHPPHPPHPPPHPPHP
404,PPPPHHPPHPHPPPPHHHHPHHPHPPPPPPPPHPPPHPHHPHHHPPPPPHHHPPHPHHPHPPPHPPHHHP
405,HHHPPHPHPHHHHPHHPPPHPHHHHPPPPPPPPPHPPPHHHPHPPPPPPHPPHHPPPPHPHHPHHHHPHP
406,HPHPHHPPPHHHPHPPPPPHHPHHPPHHPPPHHPHHHHPPHPHHHHPPHHPHHHPPHPHHPHPPPHPPPH
407,HHPPPPHPHPHHHHPHPHHPPPHHPPPPHPPPPPHPPHHHPHPPHPPHHHHPHHHHPHHHPHPPPPPHHP
408,HPPHHHHPPHPHHPPPPPHHHPHPHPHHPHPPPHHHPHPHHPHPPPPHPPPPPHPHPHHHPPHHHHHPPP
409,HHPHHPPHHPPPHPHHPHPPPHPHPPPHPHHPPPPPPPPPPPHPPHHPPPHHHPPPHHPHPPHHPPPHHP
410,HPHPHPPHHPPPHHHPHHPPHHHPPHHPPPPHHHHPPHPHPHHPHPPHHPPHPHPPPHHHPPHPHHPHPP
411,HHHPPPHPHHPHHPHHHHHHPHHHPHPPHPPHPPPPPPPPHHPHHPHPHPHPHHHPHPHPPPPPPPPPHH
412,HHPHPHHHPPPPHPHHPPHPPPPHPHPHHHPHPHPPHPPPHPPHPHHPPHPPPHHPHPHHHPHHHHPHHH
413,HHPHPHPPPPHHHHPPHHHHPHPPHPHPPPHPHPHPHPPHHPPPPHPPPPHHPHHPHPHPHPPPPHPHPH
414,HPHHPHHPPHPHHPPHPPPHPPHHPHPHPPPPPHPPHPPPPHHPPPHHPPPHHHHPHPPHHPPPPPPPPP
415,HPHPPHPPHHPPHPHPHHHPHHHHPHHPHPPHPPPPPHHHHHPPPHHHPHHPPHHPPHPPHHPPPHHPPH
416,HPPPHPHHHPHPHPHPPHHPPPHHHPHHHHPPPHHHHPHHPPPHHHPPPPPPPHPPPPPHPHHPHPPHHP
417,PHPPPHPHPHPHHPPHHPHPHHHHPHPPHPPHPPPHPHHHHPHHPPPHHPHHPPPPHPPPHHPHPHHHPH
418,PHPHHHPPPPPPHHHHHPHHHHPPHPHHHPHHPPPPHPHPPHPHPPHHPPPHHPHHPPPHPHHHPHHHHP
419,PHPHHPHPPHPPPPPHPHPPHHHPHHPPHHPPHPPHHPHHHHHHHHHPPHPHPPPPHHPPPPHPHHPPPP
420,PPHHPHHPPHHHHPHPHHPPPHPHPPPHHHHPHPHPPHHHPPPPHPHPHPHPPHPHPPPHHPHPHPHHPP
421,PPPPHHPHPPPHPPHHHPPPPPPPHHPPPHPPHPHHPPHPHHPHPPPPPHHPHPPPPHHHHPHHPHHHHP
422,HHHHPPPHPHPHHPPHHHPHPPPHHPHPPHPPPHHHPHPHPPHPPPHPPPPPHHPPHPPHHHPHPHPHPH
423,HPPPHPPHPPPHHPPPHPHPPPHHPHPHPHHHHPHHHPHPPHHPHHPPHHPHHPPPPHPHHPPHHPPHHH
424,PHPPHPHPPPHPHHHPHPHHPHHHHHPHPPPPPHPHPHPPHPHHHPPHHPHHPPPHHPHHPHPHPHHPHH
425,HPHHHPHPPHHHHPHHHHHPPPPPHPHHPHHPPHPHHHHHPHPHHHPHHPHPHHHPPPPHHHPHPPHHPP
426,PHPPHPHPHPHHPHHPPPHPPPPPPPHHPPPPPPHHPHPHPHPPPHHHHHPHHPPPPPPHPHHHPPPHPP
427,PHPHPHHHHPHHHPHHHHHHHPHHPPPHHHHPPPPHPHHPHHHPPPHPHHHPPPHHHPPHPHPHPHPHHH
428,HPHPPPPHHPHPHPPHPHPHHHHPPHHPHPPPPHHHHPPHHPHHHHHHHPPPPPPPHPHHPHPHHHHPHH
429,HHHHHPHHPHPHHHHHHHPHPPHPPHPPHPPPPHPPPPPHHPHPPHHHPPPPHHPHPHPHHHHPPPHHHH
430,PHPPPHHPHPHPHPHPHHPHHPPHHHPHPHHPHPHHHPHHHHHHPPHHHPPPPPPHPPHPHHHPPPPHPH
431,PPHPPPPHHHHPPHPPHHPHPPHPHHHHPHHHPPHHHPPHHHPPPHPPHHHHPPPPHPHPHHPHPPHPHP
432,PPPPHPHHHHHPPHPHHPPHPPHPPHHHPHPHHPPPPHPHHHHPHHHPHPPHPPPHHPHPHPPHHHHPHH
433,PPHPPHHPPPPHHHPHHPHHHPHHHHHPHHPPPHHPPPPHHPPHPHPPPPHHHPHPHHPHHPHPPPPPPP
434,PHPPPHHPHPHPPHPHHHHPHHPHPHPPHHPHHPPHHPHHPPPHHPHPHHPHHHHPHPHPPHPPHPHHPP
435,PPHHHHHHPHHHHPPHPPHHPPHHHHPHPHHPPPHHPPHHHPHPHHPPHHPHHHPHHPHPPPHHHPHPPH
436,PHHPHHPPPHHPHPPHHHHHPPHPPHPPHHPPPPHPPHPPPPPHHPPPHHPPPPPPPPPHHHHHHPPHPP
437,PHPPPHPHPPPPPPPPPPHPHPHHHHPPHHPHPHHPPPHPPHPPHHPHHHPPHPPHPPHPHHPPHPPHHH
438,HHHPPHHPHHPPHPPHPHPPPPPHPPHPPPHHPHPPPHPPHHPPPPHHHPPHPHHHPPHPPHPHPHPHPP
439,HPHPHPPHPHPHHHHHPHHHPPPPHHHPPPHPPHPPHHHHPHPHPHHHPPHPPPPPHHPHHHPPPPPPHP
440,PPHHPPPHPPHPHPHHHHPHHHPPHHHHHHHPPHPPPHHHPPHHPPHPHPHHHHHHPPPPHHPPPPPHPH
441,PPPHHPPPPPHPPPPPPPPPPHHPPPHPHPPHHPHPHHHHPHPHHPPHHPHPHPPPPPHHHPHHPPHPHP
442,PPPHHHPPPHPPPHHHPHHHHHPPPHHHHPPHPPHHHPHPPPHHHHPHPPHHPHPHHHHHHPHHHHPPPP
443,HHPPPPHHHHHPHHHPPHHHPPPPPHHHPHPHHHPPHPHHHHPHPPHPPPHPPHHPPHPHPPHHPPPPHH
444,PPPHPPPPHHHPPHHPHHPHHPHHHHPHPPPPHPHHHHPPHHPPPHHPHPHHHPPHHHPHPPPPPHPPHH
445,PPPHHPHHHHPHHPHHPHHHHPPPHHPHPPHHPHPPPPPHPPHPPHPHPPPHPPPPHHPHPPHPHHHHPP
446,HPPPPHHPPHPPHPPHHHPPHPPHPPPHHPPPHHPPPHHHHPPPPPHHPHPHHHPHHPHPHHPHHPHHPH
447,PPPPHPPPHHPHPPPHHHHHHHHPHPHPPPHHPPHPHHHHPPPHPPHHHPHHHPHPPPPHHPHHHPHPPP
448,HPPHHPHHPPHHHHHPHHPHPPHPHPHPPPHHHPPHPHHHPHHHHPPPHHPPPHPPHHHHPPHHPHPHPH
449,HHHHPPPHHHHHHPHHPPHPHHHHPHHHPHHPHPHHHHPHPHHHHPHHHPHPHPHHHHHPPPHPPHHPHH
450,PHPHPPPPPHPHPPHPHPHPPPHPHPPHHPHPPPHPHPPHHPPHPPPPHPHHPPHPPPPPHPPHHPPPPP
451,HPHPHHHHPPHHPHHHHHPPPPPPHPPHHHHPPPHPPHPHHPPHHHPHPPHPHPPHHPHHPPPHPPHPPP
452,PPHHHHHPHHHPHHPPPHHHPHHHHPPHHHPPHPPPHHHPHHHPPHPPPHPPPHHHHPHPHPHPPHHPPP
453,HPPHPHPPHHPHHHHPHPPPPPHPHHHPPPHPHPPPHHPPHPHPHHHPHPHPPHPHHHHHHPPHHPHPPP
454,PHPHPPPPPPPHHPHHPHPHPPHPHPHPPHPHPPHPHHHHHPHHHHHHPHPPPPHHHHPPPPPHHPHPHP
455,HPPPHPHHPPPPHPHPPHHPPHPHHHHHPPHHPHHPHPPPHPHPHPPPPHPHPHPPPPHPPHHHPHPPPH
456,PPPPPPPPHHHPHHHHHPHPHHPHHHPPHPHPPHHHHHHPHHPPPPPHPPPHHHPPHHHHPHPHHPHHHP
457,HPHHPPHPPPHPHPPHPPHPHHHPPPPPPHHPPHPHPPHPPPPHHHPPHHPHHPPPPHPHPPPPPPPPPP
458,HHPHPHHHHHPPHPPHPHPHHPPPPHHHPPPHHPPPHHPHPPHHHPHHPHHHPPPHPPHHPPPHHHHPHP
459,PPPHPPPPPHPHPHPHHHPHPHHHPPHPHHHPPPHPPPHHHHHHPPHHHPPHHHHHPPPHHHHPPHPHPP
460,HPPHHPHPHPHPHHPHHPPHHHPPHHPPPHHPPHPHPHPPPPPPHHHPHHPHPHPPPHPHHHHPHPPPHH
461,PHPHHPPHHPPHPPPHHPPHPPHPPPPHPHHHHHHPHHHPHPPPHHHPPHHHPHPHHPHHHPPPHPPHHH
462,HHPPPHPHHPPPHHHPHPPHPHPHHPHHPPHHPHHHHPPPHPHPPHHPPPPHPHHHHHHHPPHHPHPHPH
463,PHPHPPPPPHPPPPHHHPHPHHHPHHHPPHHPPHHPHHPPHHHPPHPHHPPHPHPHPHHPPPPHHHPPHH
464,HHPPHPHHPHHPPHHHHHPHHPPHPPPPHHPHPPHHHPHPHPPPPHHPPPHPPPHPHPPPPPHHHPPHHH
465,PHHPPHHHPHHHPHPHHHHHPHHPHHPHHPHPPHHPPHHHPPHPPPPHHHHHHHPHHHHHHPPPHHHPPH
466,PPHHHPPHPPPPPPHPHPHPPHHHPHPPHPHPPPPHHPHHHHPPPPHPPHPPPPPHPHHHPHHPHHPPPH
467,PHPHPPHPPPHPHPHHHPHPPPPHPHPPHPHPHHHPHPHPPHHPHHHHPPHPPPPPHHPHHPHHHHPPPP
468,PHHHPHHHPHHHHHPHPHPHPPPPPHHPPPHPPHPPPPPPPPHHPPPHHPPHPPHHHHPPPPPPPHHPHH
469,PHHHPHHPPHHPHHPHHHHPPPPPHHPHHPHHHPHPPPPPHHHHPHPHHHHPHPPPPHHPHPPPHHHHHH
470,PPPHHPHHHHPHHPHPHPHPPHHHHPHPHHHHHPHHHHHHHPHPPPHHHHPHPPHHHPPHHPPPHPPHHH
471,HHHPPPHPHPHHHPHHPHPHHPHHHHHPHPHHPPPHPHPHPPPPHHHPHPPPHPPHPPPPHPHPPHHHHH
472,HHHHPPHPHHPHHPPHHHHHPHHHPPPHPHPPPHPPHHPPHPHHHPPHPHPHHHHHPPPPHPHPPPHHPH
473,PPPPPHHHPHPPPPPPHPHHHPHHPHPHPPPPHPPHHHPPHPPPPHPPHHHHPPHPHHPPPHPHPPHHPP
474,PPHHHHHPHPHHHPHPPPPHPPPPHPPPPPPPPPHHHPPPPHPPPHPHPPPPPHPHPPPHHPPPPPHPHH
475,PPPHHHHHHPHHPPPPHPPHHPPHPPHPHHPHHPHPPPPHHHHHPHHHPHHPPHPPHPPPPPPHPHPHPP
476,HHHPPHPHHPPPPPHHPHHPPPHHPPPHPHPPHHHHHPPPHPHPHHHHPHHHHPPPPHHPPPPPHHHPHH
477,PPPPHPHHPPHPHHPPPHPPHHPHPPPPPHHHHPHPHHPPPHPHPPPHPPHPHHHPPHPHPHHHPHHHHP
478,HPHPPPHHHPPHHHHPHPPHPPHPHPPHHPHHPHHPHPHPPPHHPPPPHPHHHPHHHPHHPHHPPHHHPH
479,PHPPPHPHPHPPPPHPPHHPPPPHHHPHHPPPHHPHHHPPPHPPHHHPPHHHHPPPPPPPHPHHHHPHPP
480,HHPPPPPHPHPPHHPPHHHPPPHHPHPHPHHPHPPPHPHPHPPPHHHHPHHPPPHHPPHHHHHPHPPPPP
481,PHPHHPPHHPHPPHHPHPHPPHPHHPPHHHPPHHPPHHHHPPPPHHPHPPPHPHHPHPHPPHHHHHPHHP
482,PHHHHHPHPHHHPHPPPHHPHHHPHHPPHPPHHPPHHHPHPPPPPHHPHHPHHPPHPPHPHPPPHPHHPP
483,HPHHPHHHHHHPHHPHHHHPHHPHPPHHPPHHHPHPHHHPPPPPHHPHHHPHPHHHPPHHPPPPPHHHHH
484,HPHPHHHPHPPPPHHHHHHHHHHPPHPHPPHPPHHPHHPHPPHHHHPPPHPHPPHPHHPHHPHPHPPPHP
485,PPPHHPHPHHHHHPPPHPHHHHPPPHHPPPPHHHHHPHPPHPPPPHPPHHPHPPHHPPHHHPHPHHPHPH
486,PPHHHHPHHPHHPHHHPHHPHPHPPHHPPHHPHPPPPPHHHPHPHHPHPHHPPHPHPPHHHHHPPPHPHH
487,HPHPHHHPHPPPHHPHHPHPHHHHPHHHHHPHPPHHHPPPHHPHPPPPHHPHHPPHHHHPHPHHPHHPPH
488,HPHPHPPPPPHHPHPHHPPPPPPHPPPHHPPPPHPPPPPPPHHPHHPPPHHPHPHPHPPHPPPPHHPPHH
489,PHHPPHHHPHPHPPPHHPHPHHHHHPHHHHPHPHHHHHPHPHHHPPHPPHPHPHHPPPHPPHPPHPHPPP
490,HPPHHPHHPHPHPHHPHPPHHHHHHHHHHHPHHPPPHHHPPHPPPHPHPPPPHPPPHHHPHHHPPPPHPH
491,HPHPHPPPPHHPPPPHHPPPPHPHPPPHHPPHPPPPHPPPPHHPHHHPPPPPHPPHHPHHHPPPHPHHHP
492,HPPPHPHPPPHPHPPPPPHHPHPPHPHHHHHHPHHPHPHPPHHPHPPPPHHHHPHPPPHHPHHHHPHPPP
493,PHPPHPPHHPHHHHHHPPPHHPPHPHPHPPHPPPHHHHPHPPPPPHHPHHHHPHPPPHPHPHHHPPHHPH
494,PHHHPPHHHPHHHHHPPHHHPPPHHHHPPPHHPPHHPPPPPHPPHPHPPHPHPHPHHPHHHHHHHPPPHH
495,PHHPHHHPPPPPHPHHHHPPPHHHPHHPHPHPPHHPPHHHPHHPPHHHPPPHHPPHPPHPHPHPHPHPHH
496,PHHPPPPHPPHHPPHHPPPPPHPHHPPHHHPHHHHPHHPPPPPHHPHHHPHHPHPHHHHPHPHHHPHPPP
497,HPHPHHHHHPPPPHHHHHPPPPHPPHHHPPPHPHPHPPPHPHPPPHPHPPHHPHHPPHPPPPPPHHHHPP
498,PPPHPHPHHHPPPHHPPHPHPHPPPPPPPHHPHHPHHPHPPHHHPPPHPHHPPHPPPPHHHHHPHPPPPP
499,PPHPPPPPPPPHHHHPPHHHHPPPHPPHPHHPHPPHPPPPPPHHPPHHHHHHHHPPPPHHPPPHHPHHPH
500,HPPPPHHPPHPPHHPPHHHHPPHPPPPPPPPPHHHHPHHPHHPPPPHHHHHPPPHHHPPPPPPPPPPHPP
501,PPPHHHPPPPPHHPHPHPPHHPHPHPPHHHHPHPPPPPHHPHHHHPPPPPHPHHHHPHHPPPHHHPHHHH
502,HPPHHHPHPHHHPPPHHPHHHPHPPPPHPPHPHPHPHPPHHHPHPPPPPHHHPHPPHHHHPPHPHPPPPH
503,PPPPPPPPHPPHPHHHPHHHHHHPHHHHHPHPPHHPPHHPHHPPPPHHPPPPPHHHPHPPPPPHHPPHPP
504,HPPHPPPPPHPHPHPPHHPHPHHHPPHHHHHPPPPHPPPPPPPHHHHHPHPPHPHHHPHHPHHPHHPPHP
505,HHPHHHPPPHHHPPHHPPHHPHHPPPPHHPHHPPPHPHHPPHPPHHHHPHHPPPHHPPPPPHHHPHPPPP
506,HHPHHHPHPHPHHPHHHHPHPHHPHHHPHHHHPHHHPHHHPPPHHPPHHHHPPHHHPHPPPHPHPPHHHH
507,HHPHHHHHHPPPPHHPPPPHPPHHPHPHPHPHPHPHHHPHHPHPHHHHPPHHHHHPPPHPHPHHPPHHPP
508,PPPPHPPPHPPPPHHHHPPPPPPPHHHHHHPPHPHHHPHPHPPPPPHHHHHHPPHHHPPHPPHPPPPPPH
509,PHHPHPHPHPPPHPPPPPHHHHPPHHPPPHPHHPPPPHHHHPHPPPPHHPHPPPHPHPHPPPPHPHPPHP
510,HHPPPHPHPHHPHHHPHPPHHPHHHPHHPHPHPPHHPHPHHHPHPHHHPHPPPHHPHHPHHHPPPHPPHH
511,HHPPHHPPHPHPHPHPPHPHPHHHHPPHPPPPHHHHHHHHHHHHHHPPPHPHHPHHPHPPPHHPPHPPHH
512,HPHHHPHHPPHPHPHHPPHPHPHHPHPPPPPHHPPHHPHHPPPHPHHPHPPPPPPPPPHPHHPHHHPHPH
513,HPHPPHPHPHPHPPHPPPPHPPPHPHPPHPPPPPPPPHHHHPHHPHPHHHPPPPHPPPPHPHHHPHPHPH
514,HPHPPPPHPPHPPPHPHHHPHHPHPHHHPHHPPPHPHHHPPPPPHPPHPHPPHHPHHHPHPHHHHPHPHH
515,HHHPHHHHHPPPPPHHPPHHPPPHHHHPHPHPHHPPHPHHPHHPHHPHHHPPHPPHPPPHHPHPPPPHHH
516,PPHPHPPHPHHPPHPPPPPHHHHHHHHHPHHPHHPHHHPHPHHHPHHHPPHPPHHHPHHHHPPPPPPHPP
517,PPPHPPPHPHPPHPHPHHPHPPPHPHPPHPPHPHPPHPHHHPPPPHPHPPPHHHPPPPHHPPHPPHPHHH
518,HPHPPHPPHPHHPPPPPPPPPPPHHHPHHHHPPPPHPHHPPPHHPPPHPHPHHHHPHPPPHHHHPHPHPH
519,PHHHHPHPPPHHHPPHHPHPHHPHHPHHHHPHPHHPHPHHHPPPPPPPHHPPHHHPPPPHPHHHPPHPHH
520,HHHHHHPHHPPPHPHPHPPPPHPPHHPHHPPPHPPPHHPHPHHPHPPPHPPHPPHHPHPHHHPPPPHPHH
521,HHHPPPPHHPPPPHPHPPHPHPPHPPHPHHHPPHPPHHPHHPHHPPHHHHHHPPPHPHHPHHPHHHPPHH
522,PHPPHHHPHHPPPPHHPHPHPHPPPPPHPPPHPPPHPPHPPHHHPPHPPHPPHHPPPHPHHPHPPHPHPP
523,HHPHHHHPHPPPPPHHHPHHHPHPHPHHPHHPPPPPHHHPPHPHHHPHPPPPPHPHPPHPHPPHPPPPPP
524,PPPPPPHHPPHHPHPPPPHPPPHPPPHHHPPHHPHPHPHHPPHHPHHHHHHPPHPPHPHPPPPHHPHHHP
525,PHPPHHHHHPHPPPPHHHPHHPHHPPPHPPPHPHHPPHPHPPHHPPPHHHPPHHPPHHPHHHHHPPHHPP
526,HPHHPHPHPHHHHPHHHHPPPHPHHHHPHHHPPHPHPHPPHPHPPPPHPHPHPHHPPPPHPPPHPPPHPH
527,HPPHHPHPHPPPHPHHHPHPPPHHHPPHPHHPHPPHHHHHPPPHHPHHHPHHHHPPHPPHHPPHHPHHPH
528,PPPPPHHHPHPHHPHPHPHPHHHHHPPPPPPPPHHHHHPHPPHPPHPHHHPPHPHPHPPPHHHHHPHHPP
529,HHPPPPHHHHPHHHHHHPPHPPPPPHPHHPHHPHPPPPHHHHHHPPHHPPPHPPPPHPHPPHHHPHPPPH
530,HPHPPPPPPHPPHHHHPHHPPHHPHHHHPPPHHPHHPPPHPPHHPPHPHHPHPPHPPHHPHPHPHHHHPH
531,PHHPPHHPHHHPHHPPPPHPPHPPHHHPHPHHPHHPPPPPHPHHPPHHPPHHPPHHPHHHHHPHHPHPHP
532,HPHHHHHHHPHPHHHHPPPPHHPHHPHHHPPHPHHHHHPPPHHPHPHPHHHHHHPPHHPHPPHPHPPPHH
533,PPPPHHPHHHPHHHHPPPHHPHHHPPHHPHPPHPHHHPHPPPHPPHPPHPPPPPPHHPHHHHPHHPHHHP
534,HPHPHPPHHHPHPHHHHPPPHHHHHPHHHPPHPPPHHPPPPPHHHPHPHPHPPHHPPHPHPPPHPHHPHH
535,PHPPHPPHHPPPHPPHHHHHHPHHPHPHHPHHHHPPPPHHPPPPHHHHHPPPHPPHPHPPPHPPPPPHHH
536,HHPHHPPHHHHHHHPPPPPPPPHHPPPPPHHHHPHPHPHPPPHPHPHHPHPHPHHHHHPPPHPHHHHPHP
537,PPPHHHHPHHHPPPHHPPHHPHPHPPHHHPPPHHHHHPPHHPPHPHPPPHHPHHHHHHHHHPHPPPHHPH
538,HPHHPHHPHPHPPPHPHHPPPHHPPHPHPPHPHPHHPPPHHHHHPHPPPPHPHHPPHHHPHHHHHHHHPP
539,PPHHPPHPHHHPHHHHHHPPPPPHPPHPHPPPHHPPPPHHPHPHPHPHHHPPPHHPPPHHPHPHHHHPPH
540,HHHPPPHHHPPHPHHPPHHPHPPPPHHHPPPHPHHPHPHPPPHPPPPHPHPPPPHHHPPHPPHHPPHHHP
541,PPHHPHPPHHPHPHPPPPPHHPHHPPPPPHPPHPPPHHPPPPPPPPPPPHHHPPPPHPHPHHPPPPPHPP
542,HHHHPHPHPPHPPHHHHHPPPHPPHHHHPHPPHPPPPHHPPPHHPHHPHPHHPPHPHPHHPHHPHHPHHH
543,PHPPPPHHPHPHHPPPHPPPPHHPPHHHPPHPHPPPHHPPPPHPHHPHHPPPPPPPHHHPPHPHHPHPPP
544,HHHHPPPHPPHPHPHHPPHHHPHPHHHPPHHPHPHHPHPPPPHPHHHPPPPHPPPPPHHHPHHPPPPPHP
545,HHHHPPHHPPHHHPPPPHHHPPPHPPPHHHPPPPPHPPHHPHPPHHPPHHHPPPPPPHPHPPHPPHHHPP
546,PHHHHHHHHPPPPHHHPHHPPHHPHHHPPHPPPHHHPHHHHHHPHPPHHPHPHHHHPPHPPHHPPPHPHH
547,PPPPPPPHPHPHPHPHHHPHPHHPHPHHHPHPHPHHPHPPHPPPHPPHHPHPHPPHHHPHHPHPHPHPHP
548,HPPHHPHHHHPPPPHHPPHPHHPPPHPHHPHHHPHHPHHPPHHPHHHHPHPHHHHPHPHHHPHHPHPPPH
549,HPHHPPHPHHPPPHPPPPPPHHHHHPPHPPHPPPHPHPHHPHHPHPPHPHHPHPPPHHHHHPPHPHPPHH
550,HHPPHPHPPPHPHHPHHPPHHPPPPPPPPPHHPPHPPPPHHHHHHPHHPHPHHHHPPHPHHHPHHHPHHH
551,PPHHPPHPPPPPPHPHHPHPHPPHPHPHPHHHHHPPPPPPPHPHHHPHPHHHHHPPPPHPHHHHPPPHHH
552,PPPHHHPHPPHPPHHPHPHHPHHHPPHHPPHPPHHHHHPPHPHHHHPHPHPHHPHPPHHHPPPPHHHHHH
553,PHHHHHHPHPHHHPPPPPHPPPHHHHPHPHPPHHPHPPPHHPHHPHHHPPPPHHPHHHPHHPHPPHPPHH
554,HHHHPHHHHHHPPHHPPPHHHPHPHHHHHPPPHHHPPPPPPHPHPHHHHPHHPHPHHPHPHPPPHPHPHP
555,PHHPPPPHPHPPPHPHHPHHHHPHPHHPHPPHPHHHPPPHPPPHPPPHPPHHPHPHHPHHHPPPPHPPPP
556,HHPPHPHHPHHPPHHHPHPHPHPPHPPHPPHPHPPHHHHPHPPHHPPHPHPHPPPHHHHPPPPPPPHHPH
557,HHHPPPPHPPHPPPHPHPPHPHHHHPHHHHHPPPHHPHPPHHPHHPHPHHPPPPPPPPPPPPHPHPHHPP
558,PPPHPHHPPHHHHHHHHPPPPPPHPHPHPHHHHPPHPHPPPPPHPHPPPHHPPPPPPHHPHPHPHHPPPP
559,PPHHPPPPPPHPHPPHPPHHPHHPHHPPHPHPPHPPHHPPHHPHHPHPHPHHHPPPPHHHPHPHHHPPPP
560,HPPHHPHHHHHPHHPHPPHHPPHHHPHPPHPHPHPHPPHPPHPPHHHPHHPHPHHPHHHPHHPHPPPHPP
561,PHPPPPHPPHHHHHPPHHHPPPPHHHHHPHPPPHHHHHHPHHHPPHPPPHHPHHHPPHHHPPHHHHPHHH
562,HPPHHPPHHPPHPHPPPPPHPPHPHPHHHPPHHPHHHHHPPHHHHPPHPPHPPPPPPPHHHHPHPPHHHP
563,PHPPHPHHPHHHHPHPHPHHHPPHPHPHHPPPPHPHPHPPHHHPHPPHPHHPPPPPHHPPHHHHPPHHPP
564,PHPHPPPPHHHHPHPHPPPHPPHPHHHPHPPPHPPPPPPHHHPPHHHPHHHHPHHPPPHPPHHHHHHHPH
565,PPHPPPHPHHPPPPHHHHPPHHPHPPPPPHHPPHHPHPHPHPPHPPHHHPHPPHHPHHPPPHPPHHPHPH
566,HHHHPPPHHPPHPPPPPPHHPHPPHPPHHPHHPPHHPPPPPPPPHPPPHPPPPHPHPPHHPHHHPPPPHP
567,HHHHPPPHHHHHPPPPHPPPHHHPPPPHHPPHPHPPPPHPHPPHPPHPHPHHHHHHPHHHPPHPPPPHPH
568,HPPPPHHHPPPHPPPPHHHHPPPHPHHHHHHPHPHPHPHHPHPPPPHHPPPHPPPHHHPHPHHHPPHHPH
569,HPHHHPHPPHPHPHHPPPPHHPHHPHPPPPHHPPHPPHHHPHHHHPPHPPPHHPHPPHPPPPHHPHHPPP
570,PHPPPHHHHHPHHPHPHPPHPHPPPHPHHHPHPPPHPHHHHHHPHPHHHHPPHHHPHHHHHPHPHPHHPH
571,PHPHPPPPPPPHHPHHPPPHPHPPPHHHHHHPPHPHPPPPPPPPPPHPPPPHHPHPHPHPPHHHHPHHPH
572,HHHHHPHPHHPPHHPPHHHPHHPHHPHPHPPHHHHHHHPPHPHHPHPHHHPHHHHHPHHHPHHPHHPHHH
573,HHPHPPHHHHHPPPPHPHPHPPHPPPHPPHHPPPPPHPHPHHHHPPHPHPPPPHPPHHPHHPPPHPHHPP
574,HHHPHPHPPHHPPHHPPPPHPPHHPPPHPHPHPHHPHHHPHPHHHHPPPPPHHHHPPPHPPHPHPPHHPH
575,HHPPPPHHPHHPPPHPHPPHHHPPHPPHPPPHPPPHPHPHHHPPPHHPHPHHHHPHPPHPHPHPHPPHHH
576,PHHPHPPHHPPPHHPPPHPHHHPHPHPHHHHPHHHPPHPPPHPPPPHHHPPHHHPPHHHPPPHPHHHPHH
577,PHHHHPPPHHPHHHPPHPHPPPPHHHPHPHPHHPPPPHHHHHPHHPPHHPPPHHHHPPHHHHPHPPPPHH
578,HHHHPHPHPHPPHPPPPPHPHPHPHHHPHPPPHHHHHPHPHHPPHPPPPHPHHPPHPPPPHHPHHHPPHP
579,HHPHHPPPPPPHHHHHHHHPPPHHPHHHPPHHHHHHPHPPHPHHPPHPHHHHHHHHHPHHHHPHPHPPHP
580,PHHHPPHHPPHPHPPHHPPPPPHPPPHPPHHPPHHHHHHPPHHHHPHPPHHHHPHHHPHPPHHHHPHPPP
581,HHHHHHHHHHPHHHPPHPHPHPHHPPPPPHPPHPPHPPHHPPPPPPHHPHPPPPHHHPHHHHHPHPHPPH
582,HHHHPHPPHPHHHPHHHPHPHHPHHHPPPPPPPHHPHHHPPHHHPPHPHPHPPPPHHHHHPPPHPHPPHP
583,PHPPHPPHPHPPHPPPPPHPHPPPHHPHPPPHPHPHPHPHHPHPHHHPPHHHPPHHHHHPPPPPPHHHPP
584,PPPPHPPHHHPHHHHPHHPPPHPPPHHHHPHPPPPPHPHPHPHHPHHHHHHPHHHPPPHHHPHHHPHHHH
585,PPPHHPHPPPPHHPPHHHHHPHHPHHHHHPHPPPPHPHHHHPPHPHPHPPHHHPPHHPPPHHHHHPHPHH
586,HHPHPPPHPHPPHPPPPHPHHPPHPHHPHHPHPPPPPHHPPHHPPHPHPHPHHPPPHPHPPHHHPPHPPH
587,HHHPHHHPPPPPHHPPHPHHPHHPPHPHHPHPPPHHHHHHHHHPPPHHPHPHHPHHPPHPPPHPPPHPHP
588,PHHPHPHHHPPPPPPHPHHPPPPPPPPHPHPHPHPPHHHPPPHPPHPPHHPHPHHPPPPHPHHHHHHHPP
589,PPPPHHPHHPPHHHHHPPHHPHPPHHPHPHPPHHPHHHHHPPHHHPPPPPHHPHHPHHPPPPHHPHHHPH
590,HPHHHPPPHHHHHPHHPHHHPHPPPHHHPPHHHHHPPPPPHHPHPHPPHHHHPPPPPPPHPHHPHHHHPP
591,HHHPPHPPPHPPHPPPHHPPPPPPHPPPPHPHHHPHPPHHPHHHHPPHPHPPPPPHHPPPPPHPHPHHHP
592,PPPHHPHHPPPHHPPPPPPPHPPHPPPHHHPPPPHHHPHPHPHPPHHPHHPHHPHPHHPHHPHPPPHHHP
593,PHPPHPPHHPPHPHPPHHHPHHHPHPHHHPHPPPPHPPPHHPPHHPHPHPPHHHPPPPPHHHPPHHPPHH
594,HHHPHHPHPHHPHPHPHPPPPPPPPHPPHHHHHPHPHHPHPHPHPHHPHHHPHHPPPPPHPHPHPHHPPP
595,HPHHPHPHPPHPPHHPHPHPPHHPHPPHPHPPPPHHHPHHHHHPHPPHHPPHHPHHHPHHPPPPPHPHHH
596,HPPPHHPHPHPPPHHHPHHPHHPPPPPHHPHHPHPPPPHHHPHPPHPPPPHPHHHPPHHHHHPHHHPHHP
597,PHHPHPHHHPHPHHHPHPPHHPHHPPHPPHHPPPPPPPPPHHPHPPPHPPPHPPPPPHHHPPHHPHPPHH
598,PPPPHPPHHHPPHHHPPPHPHHPPHPPPPHPHHPHPPHHPHPHHHPPPPPPHHPHPPHPPHPPHHHHHPH
599,HHHPPHHHHPPPPPPHHPPPPPPPHHHHHHPPPPHHHHHPHHHPHHPPHPPPHHPPPHHPHHPHHHPPHH
600,PPPPHPHHPPHPHHHHPHHHHHHHHPHHPPPPHHPHHHPHPPPHHHPHPHHPPPPPPHHPHHPPHHPPHH
601,PHPPPHHPPHPPPPPHPHHHPHPPPHHHHHPPHPHHHHHPHHPPPHPPPHHPPPHHHPPHHPHHHPPPHH
602,PPHHHPHHPPPHPPPPHPPHHPHPPHPHPHHPPPPPHPHHPPPPPHHPHPPHPPHHHPHPPHPPPPPHHP
603,HHHHHPHHPPHPPPHPHHHPHPPHHPPPHPHHPPPHPHHHPHHHHPHHHPPHPPPHPPHPPPPHPPPPPP
604,PPPHHPPHPPPPHPHPPPHPPHHHPHPHHHHHHHPHHPHHHHPHHHPHHHPPHHHPHPPHHHHPHHHPPP
605,HHHPPPPPHPPPHPHPPPPHHPPHHHHHPPHHPHPHHHPHPPPPHHHHPHPPHHHHHHHHPHPPPHPHPP
606,HPPPPHPPPPHHPHHHHPPPPHHHPHHPPHHPHHHPHHHHPPPHHPHPPHPPHPHPHHHPPHPHPHHHHH
607,HPHHPHHHHPPPHPHHHHPPHHHHHPPPHHPHPPHPHHHHPHHHHPHHHHHHPPPHPPHHPHHHPPHPHP
608,PPHHHPPPPHHHHPPHHPPPHHPPHPHHPHPHPPPPHPPHPPPHPHPPHHHHHHHPPHPHPPPHHPPPPH
609,PHHPPPPPHPHPPPHHPPPPHHHPPPHPHHHPHPPHPPHPHHHHHPHHHPPPPPPPHPPPPPPHPHHPHH
610,PHPHPPHPHHHHPPPPHPHHPPHHHHHPHPHHHHPHHPPHHPHHPHHHHPPHPPHPHPHHPHPPHHHPHH
611,PHHPHHHHHPHPPHHPPPPHHHPPHPHPPHPHPPHPHHHHHHHHHPHPPPHHPHPHPHHPPPHPHHPPPH
612,HPHPPHHHPHPHPHHHHPHPHPHHPHPHHHHPHPPPPHPPHPHHHHPPHPPHHPHHHPHHPHPPHPPHHH
613,PPHPPPHPPPPPHPPHHHHHHHPPHHHHPPPPPHPPPPHPPPHPPHHHHHPHHHHHHPHHPHHPPHHHPH
614,PPHHPHHHHHPPHHHHPHHHHHHPPHHHPPHPPPPPPPHHHHPHPPPPHHPHPPPPPHHPHHHHHHHHHH
615,PPPHHPHPHHHHHHHHPPHHPHHHHHPPPPPPPHPPPPHHHPPPPHPPPPPPHPHPPHHPHHHHHHPHPP
616,PHHPHPPPPPHHHPHHPPPHHPHHPPHHPPPHPPHPHHPPPPPHHPPPPPHPPPHHPHPHPHPPPPHPPH
617,PHPPHPPPHHHPPHPPHPHPHPHHHHHPPHHHPPHHPHHPPPPHHHHPPPPPHPHPHHPHHHPHHPPPHP
618,HPHPPPPPPPHHHHPHHPHHPHHHPHPPPHHPHHHPHHPPPPPHPPPHPPHHPHHHPHHHPPHHPHPHPH
619,HPPPPPPHHHPHPPHPPPHPPPPHHHHHHPHPHPHPHPPHHHHHPHPPHPHHHPHPPHHHHPHPHPHPPH
620,PHPPHHPPHHPPPPHPPHPHPHPPHPHPPPPHPPHPHPPPPHPHPPPHHHPHPHPPHHPPHHHPPPPPHP
621,PHPPHHPPPHHPHHPPPPPPHPPPHHHHHHPPHPPPHHHPHPHPPPPHPHHHHPHHHHHPPHHHPHHHHP
622,PHPHHPPHHPPHPPHHHHHHHHHHHHHPHHPPPPHPHPHHPPHPPPPPHHPHPHHPPHPHHHHPPPPHPH
623,HPPHHPPPHHHPPPHHPPPPPPHHPHPPHHHPHHPPPHHPPPHHHHPPHHHHPHHPPPHPHHPPHHPHHH
624,HPHPHHHHHPHPPPPHPPHHHHPPHPHPPHPHHPHPPHHPHHPHHHHHPPPPPPHHPPPHPPHPPHPHPH
625,PHPPPHPPPHPPPHHHPHPPPPPHHPHPPHPHPHPPHHPHHPHPPPPPHPHHPHHPPPHHHPHPPHPPPH
626,HHHPPPHPHHPPHHPPHPPHHHPPPHPHHPHPHHPHPHPPHPHHPPHPPHPPPPPPPHPHPPHHPHPHPP
627,PPPHHHHHPPHHHHPPPHPHPHPHPHPPPPHPPHPHPHPPHPHPPPHHHHPPHHPPPPPPHPPHPHPPPP
628,PPHPPPHPHPHPPPHHHHHPHPHPHPPPPHHHHHHHHPHHHHHPPHHPPHPHPHHPPPPPHPPPHHHPPP
629,PHPHPHPHHHHHPHHPHHHPHPPHPPHPHPHPPPPHPPPHHHPHHPHHHHHHHHPHPPHPHPHPHPPHPP
630,PHPHPPHPPHHHHHHHPHPHHHPHHPHHHPHHHHHPPHPHHPHHHPHHPHHPHPHHHPPHPPPPHPPPPP
631,PPHHHHPPHHPPPHPPPHHHPPPPHPHPHPHHHHHPHPPPHHHPHHPHPPHPHPHPPHHPPPPHPPHHHP
632,PPHPHHHHPPPHHHHPPHPPPPHPHHHPHPPHPPHPPHHPHHPHHPPHPHPPPPPHPHHHHHHPPPPHPH
633,HHPHPPPHPHHPPPPPPPPHPHPHPHHHHPHHHHHPHPHHPPHHPHHHPPHHHPPHPHHHHPHHPPPHPH
634,HPHPHPPHPPHPHPPHPHPHHPPPHHHPHHPHPHPHPPHPHHHPPPHPPPPPHPPHPHPHPHPHPPHHPP
635,PPPPPHHPHPHPPHHPHPPPPPPHHPPPHHHHHHHPHHHHPPHHPHPPHHHPHPPHPPHHPHHHHHPHHP
636,PPPHHPPPHHPHPHPHPHPPHHPPPHHHPPPHHPPHPHHHHHPHPHHHHPPPHPHHPHHPHPPHPPPHPH
637,HHPHHHHPHPPHHPPPPHPHHPPPHPHPPHHPHPPPPPPPHPPPPHHHPPHPHPHPHHHHPPHHPPPHHP
638,HPPPHPHHPPPHHPHHHPHHHPHHHHPPHHPPHPHHPHPHPPHPPHHPHHHHPPHPPHHHPHPHPPHHHP
639,PPPHHPHHHHPPPHPPPHPHPHPHPHPHPHHPPHHPPPPPHHHPHHHPHPHHPPPPHPHPHHHHPPHPPH
640,HPPPHHPPHPHPHHPHPHHPPPPPPPPPHPPHHHPPPHHHHPHHHPPHPHHPHPPPPHPHPPPHPHPPHP
641,PHPPHHPPPHHHPHPHHPHHPPPHHPPPPHHPHHPPHPPPHPHHHPPPHPHPPPHPHPHHPHHPPPPHPP
642,HHHPHPHHHHPHPHPHPPPHPPHHHHHHPHHPPPHHHPPHHHPHPPHHHPHPHPPHHPPPHHPHHPPHHH
643,PPHHPPPPHHHPPHHHPHHHHPHHPHHPHHHPPPHHPPHPHHPHPHPHPPPPPPPPPHHHPHPPPHHHPH
644,HHPPHHHHPPHHPPPHPHPPPPHHPHHPPPPHPHHHPHHHPPPHHHPPHHHPHPHHPHHHPPHHPHHHPP
645,PHPHHPPHHHPPPPPPHHHHHPPHPHPPPPPHHHHPPPPHHPPPPPPPPPHHPPHPPHPHPHPHPHPHHH
646,PPHPPHPHHPPPHPPPPPHHPPHPPPHHHHHHPHHHHHPHHPPPPPHHHHHPHHPPHHPPPHPHHPHHPH
647,HHPHPPPPPHPPPPHPHHHHPPPHHPHHHHPHHHHHHPPHHHPPHPPPHHHHPHPHHPHPHHPHHPHHHP
648,HPPPPHHHPHHPHHHHHPHHPPPPHPPHPPHPPPPPPPPPHPHPHPPHPHHPHHPHHPHPPHHHHPPPPP
649,HPPPHPHPPHPPHHHHPPPPPPPPPHPHPHPHPHHPPPPHPPPPPPPPPPHPHPPHHPPPPHPHPHHPPP
650,HPHPHPHPPPPHHPHHPHHHHHPHHPHHPPHPHPPHHHHPPHPHPPHPHPPHPPHHHHPHHPPPHHPHPH
651,PHHHPPPHPHPPPPHPHHHHHHHHHPHPHHHPHHPPHPPPHHHHHHHHHPPPHHPHPPPPHPPHPPPPHH
652,HPPHPPHHPHPHPPPPPHHHHHPPHPPPPHPPHPPPPHHPHPPHPPPPPHPHPHHPPHHPHHPHPHPPHP
653,PPHPHPHPHPHPPHHHHHHHPHPPPPPPPHPPHPHHPHPHHHPHHPHHHPPHPPPPHPHHHHHPHPHPPH
654,HPPHPPHHHHHPHHPPPHPHHHHPPHPPPHPHPHHPHPHHHPPHHPHHHPPHHPPPHPHHPHHPPHHHPP
655,PPHPPHHPHPHPHPHHPHPPPPHHHPHPPPHPHHHPPHPHPHPPHPPPHPPHHPPPHHPHPHPHHPHHHP
656,HHPPHHHHPPPHPHPPHPPPHPPHPHPHPHPPHHHHPPHHHHHHPPPPHHPHPHPHPPPHPPPHPHPHHP
657,PHPHHPPHPPPPHHHPHPHPHPHPHHHHHHHPHHPHHHPHPPPHHHHHHPPPHHHPHPHHHHPHPPHHHH
658,HPHHPHHHPHHHHPHHPHPHHHPPHHPHPPHHPHHPHPPPPHPHPPPPHHPHPPHHHHPPPPPPPPHPPH
659,PPHHPHPHHHPPHPHHHHPPHPPHPHPHPHPHPPHHHPPPHHPPHPHHHHPPHHPHPHHPHHPPHHHPPP
660,PPHHPHHHPPHPHPHHHPPPPPPPPHHPPPPPHHPHPHHPPHHPPPHPHHHPPPHPHPPPHPPHHPPPHH
661,PHPPHHHHPHHHPPPPPHHPPPHPHHPHHHPHHHPHPHPHHPHPHHPPPPPHHHHPPHHPHHHPHPPHHH
662,HHPPHHPPHHPPPHPPHHHPPPHHPPPPPHPHPPPPHHPHPHPPHHPPHHPHPHHHPHPPHPPHHPHPPH
663,HHPHPPHHHHHHPPHPPPPPPHHHPHPHHPHPHPPHPHPHHHPPPPHPPPPHHPHPHHPHPHPHPHHHHP
664,HPPHHPHPHHPHHHPPPHPHPHHPPPPHHHHPPPPHPHHPPPHPHPHPPHPHHPPPPPHPPPHPPHPPHP
665,HHHPPPHHHHPPPPPHHHHPHHHPPPHPPPPPHHPPPPPPPPPHPPHHPPHHHHPHPHHPPPHHHPHHPP
666,HPPHHHHPPHHHHHHHPPPPPHHPPHHPPHHHPPPPPHPHHPHHPPHHPPHHPHPPPHHPHHHPPHPPHH
667,HPHHPHPHPPHHHHPPPPPHPPHPPPPPHHPPHPPPHPHPPPPHHHHPHHHPPPPPPPHHHPHHHHPPPH
668,PPHPHHPPPHPPHPHHHPHHHHPHPHPPHHHPHPHPHHHPHHPPHHHHPHHHPPPHHHHPPPPPPPPHPP
669,PPHPHPHHPPHHHHPHPPPHHPHPHHHPPHHHPHHHPPHHHPPPHPHHHHPPPPHHPHHHPHPPPPPPHP
670,HPHHPPHPPPPPHHPPPPPPPHHHHHHHHHPPHPHPPHPPPPPHHPPPHPHPPHHHHPHHHPHHPPPHHP
671,PHHHPPHPPHPHPPHPHHHPHHPPHHHHPPHPHHHHHPPPPPHHHHHPPHPHHPHHHHPPPHHHHPHHHH
672,HHPPHPPHPPHPPHPPHHHPPPHPHPHHPHHPPPPHHPPHHPPHHHPPHPPHPHPHPPHPHPHHHPHPHH
673,PHHPPPPHHPPHHPPPPPPHPPHHPHHPHHPPHHPPPPPPHHPPPPPHPPPPPPPHHPHPPPHPPPPHPH
674,HHHPHHPPPHHPPHHPPHPPPPHHPPPPPHHHPHPPHPHHHPPPHHPHPHHPHPPHHHPHHPPHHPHPPH
675,PHHPHPPPPPPPPPPPPPHPHHPPHPPPPPPHPPPHHPPPHHPPHHHPHHHHPHHPPHPHPHPPHHPPPH
676,HHHPPPHHPHPHHHPPHPPPHHPPPHPHHHPHHPPHPPPPHPHHPPPHHPPPHPHPPPHHHHPPHHHHHH
677,PPHHPPPHPHPPPPHPPPPHPHHPHPHPHHPHPHPHPPPPHPHHPHPHHPPPPPHPHPPPHPPPHHPPHH
678,PHHPPHPHPHPHHHPHHHPPPHPPPHHHHPHHHPHPPHPPPPPHHHHPHHPPHHPPPPHPHHHPHHPHPH
679,HHPPPPHHHPHHPPPHPHPPHHPHPHHPPHPHHHPHPHPPPPHHHHHHHPPHHPHHPPHPPHHHHHPHPP
680,PPPHHPPHHPHPHHHPPHHPHHHHPPPHPPPHHHPHPHPPPHPHPPHPPPPPHHPHPHHHHHPPPPPPHP
681,HHHHHPHPPHPPHHHHHHHHPPPHHHHPHHPHHHHPPHPPHPPPHHPHHPPPHHPHHHHPHHPHPPPHHH
682,PPHPHPHHPHHHPHPHHHPPPHHHHPHPHHPPPHHPPPHPHPPHPPHHHHPPPHPPPHPHPHPPPHPPHP
683,HHPHPPHHHHHHHPHHPHPPHPHPHPHPPPHPPHPPHPHHPPPHPHPHHPPPHHPPPPPPHPHHHHPHPP
684,HPPPHPHPPHHHHPHHHPPHHPHHHPHHPPHHPHPHPPHPHPPPHPHPPPPPHHPHPHPHHHHPPHHPHH
685,HHHHPHHHHPPHPHHPPHPPHPPHHHPPPHHHPHPPPHHPPPPHHHHPPHHHHPPPHPPPPHHHHHPPHP
686,PPPPHPPHPHHHHPPHPPHHPHPPHPPPHHHPPPHPPPPHHPPHHPHPPPHPPPHHPHHHPPHPHPPHHP
687,HPHPPPPHHPHPPPHPHHPPHHPPHHHHPHHHHHPPHPPHPPHPHPPHPPPPHHHPPPPPPHPHPHPPHP
688,HPHHPHPHHHHPPPHHPPHPHPPHPHHHPPHHHPHHPPHHHHHPHHPPHHPPPPHHHHPPHHPHPPPPHH
689,PHPHHPHPPPPPHPHHPHPHHPHHPPPPHPHPHPPPHPPHPHHHPPPHHHHPPHHPPPPHHPPHPHHHHH
690,HPHHHPPPPHHPHPPHHHPHPPHPHHPHPHPHHHPHPHHPHHPPHHHPPPHHHPHHHPHPHHPPPHHHPP
691,HPHPHPPPHHPPPHPPHPHPPPPHPPPPHHPPPPHPHPPPHHHHPHHPHHPHPPHHHHPHHHHPPHHHPP
692,PHHPHPHPHHHPPPPPHPHHPHHPHHPPPPPHHHHHHPPHPHPPHHHPHPHPPHPHHPPPHHPPPPPPHH
693,PPHPPPPPHHPPHHHPPPPHPPPPPPHPHPPPHPHPHHHPHHPPPPHHPPHPHPPHPHPPPHHHPPPPPP
694,PHHPPPHHPHPHPPHPHHHHHPHHHHHHPHHHPHHHPHPHPHPPHHHPPPHPPPHHPHHHPHPHPPPHHP
695,HHPHHPHHPHPHPHHPHPPPHPPHPPPHHHPHHHHPHPPPHPPPPPHPPHHHPHPHHHHHPPHPHHPHPP
696,PHPPHPPHPHPHPPHPHHPHPHPHPHPPHHPHHHHPHHPHPHPHPHPPPHHHHPHHHPHPPPPPPPHHPH
697,HHPHHHPHPPPPHHHHPPPHHPPHPPPHHHPHHPPPHHHPPPHHHHHHPHHHPHPPHHHPPPHHPPHHPP
698,HPPHPHHPHHPPPPPPPPHHHHPHHPHHHPHHHPPHHHPHHPPPHPPPPPPPHHPPHHPHHHHHPPPPPP
699,PHPPPHHPPPHPPHPHPPPHPPPPPHHPPPHPPHHPPPPPPPPPPHPHHHPPPPPHHPPPHPPHHHHPPH
700,HHPPPPPHHPPPPPPPHPHPPHHPPHPHHHHHHPHHHPHHHHPPHPHHHPHPPPPPPPHPPPHHPHHPPH
701,PHPHHPHHHHPPPPPPPPHPHHPPPPHHHHPPPHPHHPHHHHHPPHPPPPPHPPHHPHPHHHPHPPHPPP
702,HHPPPPHHHPHPPPHPPPHHHPHHHPHPPHHPPPHHHPHPHPHPHPPHPPPPPPPPPPHPPPHPHHPPPP
703,HPPPPHHPPHPHPPHHPPPPHHHHPPHPPHPHPHHHHHHHHHPPPHHPPPPPPHPPPHHPHPHPPPPPHH
704,PHPPHHHPPHPPPPPHHPPPPHPHHPPPPPPHPHHPPHHPPPPHHPPHPHPHHPPHHPPHPHPHHPHHHH
705,PHPPHPPPPPHPHPPHHPPPPHHPHPPHHHPHHHHPHHHPHPHPPPHHPHHPHHPPPPHPHHHPHHPHPP
706,HPPPHPHHHHHHPPPHPPHPHHHHPPHPHHPPHPHPHHPHHPPPPPHPHPPHHHPHHPHPPPPPHPPPPH
707,HHHHPHHPHHHPHPPPPPHPHHPPHPPHHHPPHHPHPHPHHHPHPHPHHHHPPPHPHHPHHPPPPHPHPH
708,HPHPHPPPPPHHHHHPPHHPHPHHHHPPHHPHHHPHPHHHHHHHPHHPPPHPHHHHHPPPPPHPHPPHPH
709,HPHPHHPPHHHHPHHPHPHPHPPPPHPPPHHPPPHPHHHPHHPHHHPPPHHHPPHPPPPHHHHHHPHHPH
710,PHPHPPPHHPPHPPHPPPPPHHHHPPHHHHPPPHHHHHHPHHPPHHHPHHPHHHHPHPHPPHHPHHPPHH
711,HPHPPHHPHHPPHHHHPHPHHPPHHPPPPHHHPPHHHHPPHPHPHPPHPHHPHPHPPPHHPHHPHHHPHP
712,PPPHHHHPHHHPHHPPPPPHPHHPHPHHHHHPHHHPPPHPPPHPPPHPPPHHHHHHHHPHHHPPPPHPHH
713,HPHHPHPPHPPHPHPHPPPHPPPHHHHPPHHHHPPPPPPHHHHPHHHHPHHHPPHHHHHHHPHHHHHHPH
714,PHHHPHPPPHPPPHPPPHPHHPPHHPPPPPPPHPPHPPHHHPPPHPHPPPPPPPPHHHPPPPPPPHHPHP
715,PPHPPPPPHPHPHHHHPHPPHHPPHPPHPHHHPHHHPHHHPHHPPPHPHHHHPHPHHPHPHPHHPPPHHP
716,PHHHPPHPHPPPHHPPHHHPHPHHHHPPPHHPHPPHHPHHHPPPPHHPHPHPHHPPPHPPHHHHHHHPPP
717,PHHPPHHPPHPHPPPPPHPPPPHPPHPPPPPPPPPPHPPPHHHHHPHHHHHHPPHHHPHPPHHHHHHPHP
718,HHHHHHHHPHHHHHHPPPPPHHPHHHPHHHPHHHHPPPPPHHHHHHPPPPPPHHHPHHPPHHPHPPHPHP
719,HHHPPPPHPHHPHPPHPPPPHHPHPHHHHHPHHHHHHPHHPHPPHPPHHPPPPHPPPPHPPHPHPPPPHH
720,HHHHPPPPHHHHHPHHPHHPPHHHHPPPPPHPPHHHHHPPHHPHHHHHPHPHHHHHHHHHHPPPPHHHHH
721,HHHHHHHPHPHHPPHPPHHHPHPHHHPHHPPHPPHPHPHHHHPHPPPHPHPPHHPPPHPPPHPHPHPHPH
722,HPHPHHHPPHHHHHHHHPPHPHPHPHHPHHHPPHHPPPHHHPPPHPHPHHHHPPHPPPPHHHHHHPHHPP
723,PHPPPPPHPHPPPPPPHHHPHPHPHHHHHPHHPPPHPHHHPHHHPPPPPPHPHHPHHHPHPPPPPPHHHP
724,PHHPHHPPHHHHHPHHPPHHHHHHHHHPHPPHHHPHHPPHHPPPPHHPHHHPPPPHPHHPHPPHHHPPHP
725,HPPPPPHHPHHPHHPHHPPPHHPPPHPPHPHPPHPHPPHHHPPPPPHPPPPHHHPHHHPPHPHPHPPPPP
726,PPHHHPHPHHHHHHPPHPHHHHHHPPPHPPPHPHHHHPPHHPPPPHPPPHHPPHPHHHHHHHPHHHPPHH
727,PPPHHHPPHPHPPHPPPPHPHPPHHPPHPHPHPPPPHHHHPHHPHPHPPHPHHPHHHPPPHHPPHHHPHP
728,HPPPHPHHPHHPPPHHPHPHPPPPHHPPHHHPHPHHPHHHPPHHHPPPHPPHHHPHPHPHPHPHPPPPHP
729,HPHHHPHPPHHPPPPHPHHPHHPHPPPPHPPPHPHHPPHPPPPPPPPHHHHHHPPPPHPHHPPHPPPPHH
730,PHHHPPPPPPHHPPHHHHPHHHHHPHPPHPPPPHHPPPPHPPHPPPPHHHHPHHHHPPHHHHHPHPHPHH
731,PPPPPPHHHPPPHPPPPPHPPHHPPHHHHPPPPPHHPPPPPPPHPPHPPHPHHPPHHPHHHHPHHPPPPH
732,PPPHPPHHHPPHHPHPPPPPHHPHPHPPHPPHPPPHPHPPHHHPPPHPPHHHPPHHPHPHHPPHHPHPHH
733,HPHHHPHHPPHPHHHHPPPHHPHPPHPPHHPHHHHPPPHHHHPHHHHHPHHPHHHHHPPHPHPHPPPHPP
734,PHPHHHPPHHPPPHPHPHPHHHPPHPHHHHHPHHHHPPPPPPPPHPHPHHHHPHPHPHPPHHHHHPPHPP
735,PPHHPPHPHHHPPHPPHPHHHHHPHHPPHHPHPHPHHPHPHHHPHHPHPHPPPPPPPPHPPPHHHPPHHH
736,HHHPHHPPHHHHPPHPHHPPHPHPPPHPPPPPHHHPPPPPPPHPPPHPPPPHPHPHHPHPPPPHPPPPHP
737,HPHHHPPPHHPHHPHPPPPPPHHPPPHHPPPPHPPHPPPHHHHHHPHHPHPPPPPHPHPHPPHHPHHHPP
738,HHPPPPHHHHHPPPHHPHHPHHPHHHPHPPPPPPPHHHPPPPHPPHHPHPHHPPHHPHPPPHPHPHPHPP
739,HHHPHHPPHHPPHPPHPHPPPPPHHHHHHPHPHPPPHPPPPHHHPPPHHHPPPPHHHHPHPHHPPPHHHH
740,PPHPHHPPHPHHPPPHPPHPHPHHPHHPPHHPHPPHPPHHHHPHPHHHHHHPHPPPPHPPHPHHPPPPPP
741,HHPHHPPHPPPHHPHPHHPPPHHHPHPHPPPHPPHPHPHHHPPHHHHPPPPPPHHPHHPHPPPHPPPHHH
742,PHHHPPPHPPHPHHPHHPHPPPHHHPHHHPPHPHHHPHHPHHHPPHPHPPPHHHPHPHHHPPPHPPHHPP
743,PPPPPHHHPHPPHHPPHPHHPPPHHPHHHPPPPHPPPPHPHHPHPPHPPHHHPHHPPHPPHHPHHHPPHP
744,HPHHHHPPHPPHPHHHPPHHHHHHPPPHPPPHHPPPHPHPHPHHHHHHHPPPHPHHPHHHPPHPHPHHPH
745,HPHPPHHPPHPPHPHPPHPHHPPPHPHPHHPPHHHHPHHPHHPHHHPPPHPHHHHHHHPHPPPPPPHPHH
746,PHPHPHHPPPPHPPHHPHPPPPHHPPPHPPPHPPHHPHHPPPHPHHPPHHHHHPPHHPHPPPHPPHPPPP
747,PHPHHHHPHHPHHPPHPHHHPHHHPPPHPHPPHHHHPPHHPPHPPPPPPHPPHHPHPHHHHHPHPHHHPP
748,PPHHHHHPPPPPHHPPHPHHHHPHPPHHHHPPPPPHPPPHHPHPPHPHHHHPHHPHPPPPHPHPHHPPPP
749,HPHPHHHHHPHPHHHHHHHPHHHPPPPHHHPPHPHHPPHHHHHPHHPHHPHPHPHPPPPPPHPPPHPHHH
750,PPPHPHHHPPHPPPHHHPPPHHHHHPHPHHPPPPHHPPPHHHPHHPHHHHPHPPPPPHPPPPPPPHPPHP
751,HHHHPPPHPHHPPHPPHPPPPPPPPPHHHPPHHHPPPHPPPPHPPHHHHPPHPHPHPPHPHHHHHHPHHP
752,PPPHPPHPHHHPHPPHPPHHHPHPPHPPPPPPHHPPHPHPHPPHHPPPHPHHPPHPPPHPHPPPPHHHHH
753,HPHPHHHHPHPHPPHPHPHPHPHHPHPHPPPPHHHHHHPPPHHHPPHHPPPHHPPHHPPHPPHPHHPHPH
754,HPHHHHHPPHHHPPHPHHPHPPHHPPPPHPHHHHPPPPHPHPPPHPPHHHPHHPHHHHHHPHPHHPHHHH
755,HPHPHPPHHHHPHHHHPPHPHPPHHPPHHHPPPHHPPPPPHHPHPHPHHHHPHHHPPPHHPHPHHHPPPH
756,PHHHPHPPHHPPHHPHHPPPHPPPPPHHPHHPHHHPHPHPHPHHHPPHPPPPPPPPHPHHHPHPPPPPPP
757,HHHHHPHPPPPHHHPPHHHHPPPHPHPHHPHPPHHHPHHHHPPHHPHPHPHPHHPHHPPHHHPPHHHPPH
758,PPHPPPHPPHHPPHHPPPPHPPHHPPHPPHPPPPHPPPPPPHHHHHPHPHPHHHHPHPPPHHPHPPHHPH
759,HHPPPPHHHPPHHPHHHHHPHHHPHPHPHPHPPHPHHHPPHHHHHPPPHPHPHHPPHHPHPPHHPHHHHH
760,HPPHHHHPPHHPPHPHHPPHPHHPPPPHPPPPHHPPPPPHPHPPPHPPPPPHHHHHPPPHPPHPHPPHHH
761,HHPPPPPPPPPPPHPHPHPHHPPHHHHPPPHPHHPPPHHHPHHHHHHHHHHHPPPPPHPHHPHHPHHPHH
762,PHHHHPPHPPHPHPPHPHPPHPPHHHHHHPPPHHHPPHHHPHHPPHHHPPPPPHHHPHHPPPPPPHHPPP
763,HHHHHHPPPPPHPPHPPPPPHHPPHHPHHHHHHPPPPPHHPHHPPPPHPHHPPHHPHPHPPHPPPHPPPP
764,HPHPHPPHHHHHPHHPHPPPPHPPHPPHHHPHHPHHPPPHHPHHHPPHPPPHHHPPHPPPHPHHPHPPHP
765,HPPHPHPHPHPHPPPHPPPHPHPHPPHHPHHPHHPPPHHPPHPPHPPHHPPHPHPHPPPHPHHPPPHHPP
766,PPHHPHHPHPHHHPHHPPPPHHPPHPPHHHPPHPHPHHPPPHHPPPHPPHPPPHHPHPHHPHPHPPPPPP
767,HPHPHPPPPPHPPPPPHHHHHPHPHHHPHHPPPHPHPHPHHHPPPPPHHHHPHPHHHPPHHPPHHHHHPH
768,HHPHPPHPPHPHPHHHPHHPHHHHHHHPPPHPHHPPPHPHHPHPPHHHPPHHPHHPHHPHPPHHHPHHHH
769,HHHHHPHPPPHPPPPHPPHPHHHPPPHHHPHPPHPPPPPHPPPHPPHPHHPPPHPPPHPHHHHHPPHPPH
770,HHHHHPHPPHHPHPHPHHHHHPPHHPHPPPHHHPPPHHPPHPHHHHHHHPHPHHHPPPHHPPPPHHHPHH
771,HPHHPHPHHPHHHPPPPHHPHPHHPHHHPPHHHPPHHHPHPHPPPHPPHHHHHHHPPPHPHHPPHHPPHH
772,PPHPPHHHHHPHPPPPHPPHHPPHHHHPHHPPHPPHHPPPPHHPPPPHPPHPPPPHHPHPHHHHHPPHPP
773,PPPPHHHPPHHPPHPHPHPHPPPPPPHPHPHHHHPPHPPHHPPPHPPHPHHPPPPHHHHPPPPHHHHPHP
774,HHHHHPPPPHPHHHHHPPHHPHPHHHPPHPPHHHHPPHPHPPHPHHPPPHPPHPPHHHPPHPHHHHHPPH
775,HHHPHPHPHHPPPHHPPPPPPPHPPPPPHHHPHPHHHPHPHHPHPPHHHHPHPPPPHPHPHPPPPHPPPH
776,HPHPHPPHHHHPPHPHHHPHHHHHPPPPHPPHHPHPPHPHPHHHPHHHHPPHPPHHPHPPHHHHHHHPHP
777,HHPPPHHPHPHPHPHHPHPPHPHPHPPHHPHHPHHHHHHPPPHPPPHHPPHHHHPHHPPPHPPPPHPPHH
778,HHPPPPHPHPHHHPHPHPPPPPPPHPPPPPPHPHHPPHHPPPPPPPHHPPPHPHPHPPHHHHPPPHPPPP
779,HHPPHHHHHPPHHPPHHPPHHPHPPHHHPHPHHHPHHPPPHHHPPPPPPPHHPPPHHHPPPPPHHHPPPH
780,HPPHHHPHHHPHPPPPHHHPPPHHHHPPPHPPHHHHHHHPHPHPPHHHPHPHHPPHHPPPPHPPHHHPPP
781,HPPPHPHHHHHPPPPHPHPHPPPPHHPHHPPPPPPHPPHHHPHPHPHPHPHHHPPHPHHHPHHPHPPPHP
782,PHHPHPHPHHPHPHHPPPPPHPPHPHPPPHPHPHHHHPPPPPHHHHPPPHPHHHHHPPHHPHHHPPPHHH
783,HHHPHHHHHHPPHPHHPHHHHHHHHPHHHPPPPHPPPHPPHPPPHPPPHPHPHHHHHHHHPHPPPPHHPP
784,PPPPHHPHHHPPHPHPPPHHPPHHPHHPHPPPHPPPPHHHHHHHHPPHHPPPHPPPPHPHHHPHHHPHHP
785,HPHPPHPPHPPPHPPPHPPPPPHPPHHHPHPPHHPHPPPHHPHHHPHHHHPPPPHPHHPHPHPHHPPPHP
786,PHHHPHPHHPPPPHHHHPPHPHHHHPHHPPPHHPHHPPHPPPHPHHPHPHPHHPPHHHHPPPHPPPPPHH
787,PHHHPHHPHHPHPPPHHHPHHHHHPPPPHHHPHPHPHPPPPHHHHPHHHHPHPPHHPPHPHHPPHHPHHH
788,PHPHHPHHPHPPPHPPPPPPPHHHHHPHPHHPHPHHHPPPPPHHPHHHHPHHHHPPPPPPPHPPHPPPHP
789,HPHPHPPPHPPHPHHHHHPHHHPHHPPHHPHHPPPHPHPPHHHHHHHHHHHPPHHPHHPHHHHHPPPHHH
790,HHPHPHHPPHHPHHHPPHHHHHPHHPHHHHPPHHPHHHHPHHHPPHPHPPHHHPHPHHHHHPPPHPHHHP
791,HPPHPHPPPHPHPPHPPPHHHPPHHHPPPPPPHPPPHHPPPHPHPPHHPPPHHPPHHHHHHPPPHPPHHP
792,HHPHPPPPHHHPHHHPHHHPHHHPPPHPPPPPHHPHHPPPHPPPHHPPHPPPPPPPPPPHPHPPPHPPHP
793,HHPHPPHHHPHPPPHHPHHPPHHPPPPHPPPHHHHHPPHPHPHHHPPHPHHPHPPHPPHHPPPPHHHHHP
794,HHHPHPPPHHPPPHHPPHHHPPPHHPPHPHPHHPHPPHPPHHHHHHPHHPHHHPHPHPPPHPPPPHPHHH
795,HPHPPPPHHHHHPPHHHPHHPPHPPHPPHHHHHHHHPHHPHPHPHPHHHPHHHPHHPHHHHHPHPHPPHP
796,HPPHPPHPPHPHHPPHPPHPPHHHHHPHPPHHHPHHHHPPHPPPHHHHHPHPHHHPPPHPHHHPPPPHHP
797,HPHHHPHHHPHHHPPPPHHPHPPPPPHPHPPHPPHPPHPPPHPHPPHHHHPPPPHHHHPHPPHPHHPHPH
798,HPHPHPPPPHPHPPHHHPPPPPHPPHHHPHPPPHPHHPPHPHPHHHHHHHHHHHPPHPPHHPHPPHPHHP
799,HHPPPPHHHHHPPPPHPPHPHHHPHPPHPHHPHHHPHHHHPPPPHHHHPHPPHHPPHHPHHHPHPPPPHP
800,HPPHHPPPPPHHHPHHPPPHPHPHPHPPHHHPHHHHHHPPHHHPPPPPPHHPHHHHPHHHPPPPHHHHPH
801,PHPPPPHHHPPHHHHPPPPPHHHHHHPHPPPHHHHHPHHHHHPPHPHHHPHHPPPPHPHHHPHHPPHHPH
802,PHHPPHHPPPHPHPPPPHHHPHPPPPHHHPPHPPPPPHPHHHPPHPHPPPPPPHPHPPHPHPHPHHPHHH
803,PPPHPPHHHHPHHHHPHPHHPHHPPHPHPPHHHHHHHPPHHHPHPPPPHHPPPHPPHHHPPHHHPHPPPP
804,HPHHPHPHPPHHPHHHPPPPPPPHHPHPPPHHPPHHHHHPHHHPHHHHHHPPHPPPPHPPHHPPPHHHHH
805,PHPHHPPPPPPHHPPHHPPPPPHPHPPPPHPHPPHPPHPPHHPPHPPPPPHHHPPPPHPPHPPPPHPHPH
806,PHPPPHHPPHPPPHHHPHPHHHPHHPPHPPHHHHPHHPPHPPPPPPPHHPPPHPPHPHPPPHPPPHPHPP
807,PHPPPPPHHHHPPPPHHHHHPPHHPHHPHHPPPPPHHHPHHHPHPPHPPPPHPPHHPPPHHPHPHHHPPH
808,HHPPPHHHPHPPPPPHPPPPHHPPHHPPHHHHHHPPPHHPHPHHHPHHHHHHPPHPPHPPHHHHHPPPPH
809,PHHPPHPHPHHPPPPHPHHPHPPPHHHHPPHHHPPHPHHPPHHPHPPHPPPHPPHHHPPPPPPPHPPPPP
810,PPPHHHHPHHHHHHPPPHPPHPHPHPHPHPHHPPHHPHPPPHHHHPPPHHPHHHPPHPHPPHHHHHPHHH
811,PHPHPHHPPHPHHHPPHPHHPPHHHPHHHPHPPHHPPHHPHHHHHHHPHHPPHHHHHHPPHPHHHHPHHH
812,PHPHPPHPHPPPHPHPHHPPPHHPPHPPHPHHHHHHHPHPPHPPHHHHHPPPPPPPPPHHHPPPPHPHPP
813,HHHHPHPHPPHPHHPHHPHHHHPPPPPHHPPPPHPHHHPPPPPHHPHPPHHHPHPPPPHPPHHHPHPPHP
814,PPPHPHHHPHPPPPPPHPPPHPPPHPPHPPHHHHPHHPPHHPPHPHHHHHPHHHHPPPHHHPHHPHPPHH
815,HHPPHHHHPPPHPHPPHPHPPPHHPPPHHHHHHPHPPPHHHHPHPPHHPPHPPHPPHPPPHPHPHHHPHH
816,HPHHPPPHHPHHHHPHHPPHPHHPPHPHHPPHPHHPPPPPPPHHHHPPPPPHHHHHPHHPPHHHHHPPHH
817,HPHHPHHPHPHHHHHHPPPPPPHHPPPPHPPPPHPHHHHHHHHHHHHPHHHHHHPHPPHHPHPHPHPHHP
818,PPHPPHPPPPPPPHPHPHHPPHPHPPHHHHHHPHPHHHPHPHPPHHPHHHPPHHPPHPHPPHPHHPHHHH
819,HHHHHHPPPPPPHHHPPPHHHPPHPPHHPPHHPHHHPPHPPHHHPHPHPPPHHHPPHHHPPPPHHHHHPP
820,HHHPPHHPHPHHPHHPPHPPPHPHPPPPPPPHHPHPHHPHHHHHPHPPPHPPHPHHHHHHPHPPHHHHPH
821,PPHPHPPHPHHPHPHPHHHHHHPPPHPHPPHPHHPPHHPHHPPHHPHHPHPPHPHHHHPPHHHPHHPPPH
822,HPHPPHHHPPHHPPPPHHHHPPPHHHPPHPPPHPHPHHPPPPHHHPPPHPPPHPHHHHHHHPPHPPHHHP
823,PHHPHPPPHPHHHHHHPHHHPPHPPPPHPPPHHPPHHPHHHHHHPPHPHHHPHHHHHPHPPPHHHHPPPP
824,HHHHPHPPPPPPHPPHPPPHHHPHPPPPHHPPHPPHPPHHPHHPHPHHHPPHHPHPHHPPHHHHHHHHPH
825,PHPHPPPHHPPPHHHPHPPPPPPPHHPHHPHHPPPHHPPHPPPHHHPPPHPPPPPHHHHPHPHPHHHPPP
826,HHPHHHPHHHHPHHHHPHPPHHPPHPPHPPPHPPHHPPPHHHPHPHPPHPPHPHPHPHHPPPPHHPHPPH
827,HHHPPHHPHHHHPHPPPPHPHHPPHHHPHPHPHHPPPHPHHHPPPPHPPPPHPHPPPHPHPHHHHHHHPP
828,HHHPHPPHHHHHPPPHHHPHHHPPPPHHPPHHHPHPHPPPPPPPPPPPPPPPPPPHPPPPPHPHPPPPHP
829,HPHPPHHPHHPPHHHHPHPPPHPPHPPPPPHHPPHPHHPPHHPPPHPHHHHPPPHPHHPPHHHPPHHHPH
830,PPHPPHHPHPPHPHHHHPPHHHHHPHHHPPHHHHPHHPPPPPPPHPHHHHHHHHHHPPHHPHHHPHPPHP
831,PPHPPPHPHPHHHHPHPHPPPHPPPHHHPPPPPPPHPPHPHHHHHHHPHHHPHHPHHHPHHPHPHHPHPP
832,PPHHHHHHPHHHHPPPHPPHHPHHPPPPPPHHHHHHPPPHPHPHHPHPPPHHPPPPHHHHPHPHPPPPHH
833,PHHHHPHPPPHPPHPPPPHHHHHHPPPPHPPHHHHPPHPHPPPPHHPPPPPHPPPHHPHHHPPHHHPPHH
834,HPHPHPHPPPPHHHPHPHHPHHHHHHHHHPHHPHPHPPPPHHPHPHHHHPHHHHHPHPHPHHHHHPPHPH
835,PHHHPPHPPPPHPHPHHHPPPHPPHPHPPPHPHHHPHHPPPHPHPPHHPHPHHHHPPPPPPHHHHPHPPP
836,PHPHPPPHHHPHPHHHHHPPHPPPPHPHHHPPHPPPPHPPHHHHPPPHHPPHPHHHHPPHPPHHPPHHPH
837,HHPHPPPHPPPPPHHHPPHPPPPHPHHPHHHHHPPHPHPHPPHHHPPPPHPHHPPHHPPPHPHHPPPPPH
838,PHPHHPPHHHPHHPHPHHPPHPHHPHPPHPPPHPPPHHHPHPHHPPPPPHPPHPHHHPPPHPHPPPPPHH
839,HPPHPHPHHPPHPHHPHPHPPHPPHHPPHHPPHPHPHHHPHPPHPPPHPHHHHHPHHPHPPPHPHPPPHP
840,PHPPPPPHHPHPHHHHHHHPPHPHHPHPHHPHHHPHPHPPPPHHHPHHPPHPPPHHPHPHPHHPHPHHPP
841,PHPHHPPHHHHHPPHHPPPHPPHPHHHPPPHPPHPPHHPPPHPHHHPPHHPPHPHPHHHPHPPHHHPHPP
842,PPHHHHPHHPPPHPHHPHHHHHHPHHPPHHHHHPPHPHHHPHPPHHPPHHHHPHHPPHPPPPHPPPPHHH
843,HHPPHPPHHPHHPHHHPPPPPHPPPHPHPPHPHPPPPPPPPHHHPPHPHPPPPPPHHHPHHHPHHHHHHH
844,PHHPHHPHHPPHPPPHPHPPPPPHHPHPPPPPHPPPHPHPPHPPPPPHPPPPPHPHHPHHHHHPPHHHPH
845,PHHPHHHHPPPHPPPPPPPPHPHPHHHHHPHPHPHPPHPPHHPPHPPPHHPPPHHPHHPPHHHPPHPPHP
846,HPHPPPHPPHPPHPHPPPHPHPPHHPHPPHHPPPPPPHHPHHHHPHPHHHPPHHPHHHPPPHHHPHPHHP
847,PHPHHPPPPHPHPHHHHPPPHHPHPPPHPPHHPPPHHPPPPHHPPPPHPHHHHPPPHHPHHHPPHHPHHP
848,HPPPHPHPPPPHPHHHHPPPPPPPHPPPPHPPHHPPPPPPHHHPPHHHHHPHPPPHPPHPPPHHHPHPHH
849,HHHHHPHPHHHPHHPPHHHPHPHHHPPPPHPPHPPHHPHHPHPHPPPPPPHPHPHHHPHHHPHHHPPHHH
850,PHPHHPPHHPHPHPHHPHHPHPHPHHPPPPPPPHHHPPPHPHPPPHPHPHHHPPPPHPPPPPPPPHHHHH
851,HPHPHHPPHHPHPHHHPHPHPPPHPHPPPPHPPHPHHPPHHHHPPHHHPPPHHHPHPPPPPHPPPHHHPH
852,PHPPHPPPPHHHHPPPHPPHHPHHPHPPPPPHHHHHHHPPHHHHHPPHPHPHPPHPHHPHPHPHHHHHHP
853,PHPPPPPPPHPPPPPPHHHPPHHPHPPHPHHHHPPHPHPHHHHPHHPPHPHPPPPHHPHHHPHHHPHPHH
854,PHHHPHPPHHHPPPPHHHHHHHHPHPHHHPHHHHPHPPPHPHHHPPHPPPPHPPHPHHHHHPHPPHPPHH
855,HHPHHHPPPPPHHPPHHPHPHPHHHHPPPPHPHPPHHPHHPPPPHHHPHPPHPHHPPHPPHPPPPHPHPP
856,PHHHPHHHPPPPHPHPHPHHHHPHHHHHHHPHHPPPPHHPHHHPHPPPHHHHPPPPHHPHHHHPHPPPHH
857,PPPPPPHPPPPPHHHHPPPHPPHPPHHHPHHPPPHHPPPHHPPPPPHHPHPHHPPPHHPPPPPHPHHHHH
858,PPHHPHHPHPHPPPHHHHHHHPPHHHPPHPHHHHPHHPHPHHHPHHPHHHHHHPPPPPHPPHPHPHHPPP
859,HPHHPPPHPHPHHHHHHHPPPHPHHPPPHPPPHPPHHPPHHHHPHHPPHHPPHHPPPHPPPHPHPHPHHP
860,PHHPPHPPPPHPHHHHPHHHHHHHPPHHPPPPPHHHHHPPHHHHPHHHPHPPPHHHHHHPPHHPPHPPHH
861,PHHHHPHHPPPPHHPPPPHPPHPHPPPPHPHPPPHPHHPPPHHPPPHHHPHPPPPHPPPHHPHPHHHPPP
862,HHHHPHPPHPPHPPPHPPPHPHPPPPHHPPPHPHHHPHPPPHPHPPPPPPPPPHHPPHPPHPPHPHPHPP
863,PHPHHHHHHHPHPHHPPHPHPHPPPHHPHHHPHPHHHPPHPPPHPHPHHHHPHHHPHHHPHHPPHPHPPP
864,HHHHPPHHHHPHHHPPPPPHHPHHPPPHHHPHPHHHPHHHHPPHPPPPPHHHPPHPHHPHPPPPPPHPHP
865,HPPHPPPHHPHHHHHHHPHPHPPPHPHPHHPPPPHPPPPHPHPPPPPHHPPPPHHPPPHHPPHPPPPPPH
866,HHPHPPHHHHHPHHPPHHPHPHPPHHHHHPHPPPHHPPHHHHHHHPPPPHHHPHHHHPHHHHPPPPPPHP
867,HPPPPPHHPHHHPPPHPPHPHPHHPHHHPPHHPPPHPPPHHHPHHPPPPPPPHHHHPHHPPHHHPPHHPH
868,PHHPHPPPPHPPHHHPPPHHPPHHHHHPHPHPPPHHHHHPHHHHHPHHHPPHPHHHPPPHPHPPPPPHPP
869,HHHHHPHPPHHHHHHHPPPPHPHPHPPPHHPPHPHPPPHPHHPHPPHHPHPHPPPPPHPHHHPPPPPPPP
870,PHPPPPPPPHPHHPPHPHHPPHHHPPPHHPHPHPPHHHPHHPHHHHHHPHPHPPHHHHPHPHPPHHHPHH
871,PHPHPPPPHPPHPHPHPPPHPPHHHHHHHHHHHHPHHPHHHHHHHPPPPHPPPHHHPPPHPHHHHPHHHH
872,PHHHPPPHPHPHHHHHPPHHHHPHPHHHPHPHHPPPPHHHPPHPPHPHHHPPHHPPPPHPPPPHHPHPPP
873,PPPHPPHPHHPPPHPPHHHPHHHPPPHPPPPHHPHHPPHPHPPPHPHHPHPHHHPPHPPHPHHHHHPPPH
874,PHPPHHHPHPPPPPPHPPPHPHHPHPPPHHHHHHPHHPHPHHPHPHPHPPPHPHHHHPHHHPHHPPHHPH
875,PHPPHHHHPHHPPHPPPHPHHPHHPHHPHHHPPHHHPPPHPPHPPHPHPPPPHHPHPPHPHPPHHHHPHH
876,PHPHPHPPHPPHHHPHPHHPPPHHPPPPPPPHPHPHPPHHPHHHHPPPPPHHHPHPPPPHPHPHPPPPHH
877,PPPHPHHPHHPPPHPHPHPHHPPPHHHPPPPHHHPHPPPPPPHHHPPHHHHHHHPHPHHPPPHPPPHHHH
878,HHHHPHHHPHPPPPHHHPHHPPPHHPHHPPPHPHHHHPHHHHPPPHHPHPHHHPHPPPPPHPPPPHPPHP
879,HPPHPHHPPPHPHPHPPHHPPPHHHPHPHHHHPHHHHHPPPPHPPHHPHHHPHHPPHHPPHHHPPHPPPH
880,PPHHHPPHPHHPHPHPPHPHHPPHHHPPHHPHHHHHPHPPPHPHHHPHHHPPPPHHHHHPHPHHPPPHPP
881,HHPPPHHPHHPHPPPPHHPPHHHHHPHPPHHHPPPPHHHHHHPHPPHPHPPHPPHHHHHPPPPHHPPPPH
882,PHPHHPPHPPHHHPHHHHPPPPPPHHHPHHPPPHPPPPHHHHHPHHHPHHHHHPHHHPHHPHPHHHHHPH
883,PHPHPHHHPPHHPHPPHHHPHPPPHHPHPPHPPPHPPHPHHPPPHHPPHHHPHPPPPPPHHPHHPPPHHP
884,HHPPHHHPHPHPHPPPHHHPHPHPHHHPPPPPHPHHPHHHPPHPHPHHHPHHHPPPHPHPHPPPPHPPPP
885,PPHPPHPPHHHHHPPHHPPHHHHPPPPPHPPPPHPPPHHHHPHHHPPPPHHPHHPHPPPHHHPPPHHHHP
886,PHHHHPHHPPPPPHHPHHPPPHHHHPHHHPHHPHPHPHHPPPHPPPHPPHHHPHPPHHPPHPHPPHPHPP
887,PHHPPHPHPPHPPHHPHHHPPPHPPHHPPPHHHHPPPHHPHHHPHPPHPPPHPHPHHHPPHHPHPPPHPP
888,HHPPHPPPPHPHPPPPPPPPHHHPHHHPHPPHPHHHHHHHHPPPHHHHPHHPHHHHHPPPHPHHHPPPPP
889,PHPHPPHHPPPPPHPHHHPHHPHPHHHPPPHHPPHHPHHPPPPPPHHPPPPHHHHPHPHHHPPHPPPHHP
890,HHHHPHPHPPPHHPHHHHHHPHHHHPHHPHHPPHHHPHPHHHHPHPPPPPHPPHHPPHPHHPHPPPHHPH
891,PHPPHPPPPHPHHHPPHHPPHPPPHHHPHHHPHPPPHHHHPPHPHPPHPPHPPHHHHHHHPHHPHPPHPP
892,HHPPPHHHHHPPHHPHPPPPPHHHHPHHPHPHPHHPHHHPHHPHPHHHPHHPPHPPPPHPHPPHPHHPHP
893,HHPPPHPHPHPPPPPPHHHHPHHPHPHHPPPHHPPHPPPHHPHPHPPHPPPHHPPHHPPHHPPHPPPHPP
894,HPPPPHPHPHPPHHHHPHPPPHPHPHHPHHPPPPPPPHHPHPPHPPPPHPPHPPHHPPPPPPPHHHPHHP
895,PHPHHHHHHHHHPPHPHHHHPHHHPPHHHHHHPPHHPPPPPHPPHHPHPHPPPPHPHPHHPHHPPHHPHP
896,HPPHPPPPPPHPHPHHPHHPHPPHHPHHHHHHPPHPHPHPPHHHPHHPPHHPHHPPPPHHHHPHHHPHPP
897,HPPHHPHPHHHHHPHHHPPHHPHPPPHPPHPHHPPHHPPHHPHPHHHPHHPPHPPHPPPPPPHPHHPPHH
898,HHPHPHHPHHHHPPPPPPPPPHHPPHHPPPHPHHHHPPHPHPHPPPPPHPHPPHPPHHPHPPHPHHPHHP
899,HPHHHHHHHPPHPPPHHPHHPPHPHHHHHHPPPHPHHHPHHPHPPHHHHHPHPPPHHHPPHHHHHPHHPP
900,HPHHPPHHHHPPHPPHPPHPPHPPHHHPPPHPHPPPPHHPHHPHHPPHPHPPPPPHPPHPPPHHHPHHHP
901,HPPPHPHHHPHPPHHPPPHHHPHHHHHPPHHPHHHPHHPPPPPPPHPHHHPPHHPPPHHPHHPPHHHPPP
902,HPPPHHHPPHHHHPPPPPHHPPPPHHHPHPHPPHPPHHPPPPHPHHHPHPPPPHHHHHHPPHHPPPHPHH
903,PHHPHPHPHPHPHHHHPHPPPPHPHPPPPHPPHHHHPPHHPHPHHPPHHPHHPHHPHPHHPHPPHHHHHH
904,PHHHPPPHPHHPHHPHPPPHHHPPHHHPPPHPHHPPPPHHHHHHHHHPPHHPHHPHPPHPHPPPPHHPPH
905,HHPPPPPHHHPPPHHPHHPPPHHPHPPHPHPHHPHPPHHHHPHPHPPHPPPHPPHHPPHPPHPHPPPHPH
906,HPPPPHPPHHHPPPHHHHPHHPPHPPHHPHPHPPPPPHPHPPHHHPPHHHPHHHPPHPPHPPPPPHPPPP
907,HPHHPPPPHHHPHHPHPHHPHPHPPPHHPHPPPHHHPHHHPHPPPPHHHHHPHPPPPHHHPHPHPPHHPP
908,HHHPHHPPHHPHPPHHHPHPPPHPHHHPHPHHPHHPPHHPPHHHHHPPHHHPPHHHPHHPPHPPPPHHPH
909,PHPHHHPPHPHPHPPPPHHHHHHHHPPHPHPPHHPPPHHPPPHPHHHHPPPHPPPHPHHHPPHHHHHHHH
910,PPPPHHHHPPHHHPHPHPPHPHHPHHPPHHPPPPPPHHPHHHPPPPHHHHHHHHHHPHPHPPPPHPHPHH
911,HHPPHHHPPHPPPPHPHHPPPHHHPHPHPPPHHPPPPHHHHHPPPHHPPHHPHHPHHHPPPPHHHPHPHH
912,HHHHHPPPPHHPHPHHPHPPHHHPPPHHPPHPHPHHPPHPHHPPPPHHHPHHPPHHPPHHHPPPPHHPPP
913,PPPHPHPPHPPHPPPPPHHHHPPHHHPPPPPPHHPHPPPPPHHPPHPPPHHHHHHPHPHPHHHPHPHPHP
914,PPHPPHHHPPPPPHPPHHPPPPHHHHPHPHPPPHHPHHHHHPPPPHHPHHHPHHPPPPHPHPHPPHHPHP
915,PHHHPPPPHPHHPPHPPPPPHHPHPHPPHHPPPPPPPPHHHPPHHHPHHPPPHPHPPHHHPHPPPPHPPP
916,HPHHPPPPPPPHPHPHHPPPHPHHPHPHPHPHHPPHHPPHPHHPPHHHPPPPHPPPPHPHPPPHPHHPHP
917,PHPPHPPPPPHPHPPPHHPPHPHPHHHHHHHPPHHPPPPHHHHPHHHPHPHPPHHPHHPHPPHHHHPPPP
918,HPHPHPHPHHPPPHHPPHHPPPHHPHHHHPHPHHHHPHPHPHHHPPPHPPPHPHPHPHPHPPHPPHPPHP
919,PPPPHPHHPHHPHPHPPPPHHPPPPPHPHHPPHHPPHHPPHHPPPHHPHPHHHPHPPPHHHPHHPHPHHH
920,PHPHPHPHHPHHPHPHPPPHPPPPPHPHPPHPPPHHPPPPHHPHPPPPHPPPPPPPPHHPPHPPPHHPHP
921,HHPHPPHPPHHPPPPHHHHHPPHPPPHPHHHHPPPPHHPHHHHHHHHPPPPPPHPPPHHHHHPHPHHPHP
922,PHPPHPPPHPPHHPHHPPPPPHPPHHHPHPPHPHPHPPPHHHPPHHPPHPHPHHPPPHPHPPHPPHPHPP
923,PPPPHHHPHPPHPPPHHPPHPPPPPPPHHHHPHHHHHPPPHPPHPHHHHPPHHHHPPHHHPPHHPHPPPH
924,HPPPHHHPHPHHPHHHPHHHPPPHPHPPPHPPPHHHPHPPHPPPPPPPPHPHPHPPPPHHPHHPHPHHPP
925,PHPPHHHPPHHPPPHHHHPPHPPPHPPHHHPHPPHPPHPPHHPPHPHHHHHPPHHPPHPHPPPPHHHPHP
926,HPHPHHHHPHHHPHHPHPPHHHHHHHHHHHPPHPHHHPPPPHPHPHHHPPHPHPPPHPPPHHHPHPHPHH
927,HHHPPHPPHPHPHHHHPPPPHHPPPHPHHHHHHPHHPPHHHPPPPHHHPPHHPPPHPPHHPHPHPPHPPP
928,HHHPPHPPPHHHHPHHPPPHPHPPHHHHPPHPPHHHHHHHHPHHPPHHPHPPHPPPPPHHPPHPHPPPHH
929,HPPPHHHHHHHPHHHHPHHHPPHPHHPPHPPHHPHPHHHHHHHHPHHPHHPPHPPPPHHHHHPPPPPHPP
930,HHHPHHHHHPHHPHHPHPPHHHHHPPPHPHHPPHPPHHPPHPPHHPPPHPPPHPPPPHPPHHPHPPPPHH
931,PPHHPHHPPHPPPPPPHPHPPPPPHPPPPHHPHPPPHPHPPHHPHPHPPHPHPHHPPHHHHPPHHHHPPP
932,HPHPPPPHHPPPPPHHPHHHPHHHPHPPHHPPPHHHPHHHHHPPHHPPHHHHHHHHHPHPPHHPPPPHHH
933,HHHHPHPHHPHPPPPHHHPHHHHHHPPPPHHHHPHHHHPPHPPHHPHHPPHPHHPHHHPPPHPPHHPHPP
934,HHPPHHPPHHPPHHHPPPHPHPPHHPHHHPHHPHHPPPPPHPHPPHPPPPPPPHPHPHPHHPHHHPPHHH
935,PHPPPHHPHHHHPHHHPPHHHPPPPPPHPHHHPHHHPHPPHHPPPPPHHPHPPHHPPHHHPHPPHHPHHP
936,PHPPPPPHPHHPHHPPHPPHHPHPHHPPPHPPPPPPHPHPHPHPPHHHPPHPPHPHPPPPPHPPHPPPHP
937,PPHHHHHPHPPPHPPPHPPPPHPPPHHPHHHHHHPHHPPPPHHPPPHHPHPPHPHPPHHHHHPHPHHHPP
938,HPHHPPHPPPPPHPHHPPHPPHHPHPHPHHHHHPHPPHPHHHPHHPPHHPHPPHHPPHHHPPHPPPPPHH
939,PHPHPPHHPPPHHHPHPPPHHPHHHHPHHHHPPHHHPHPPPPPHHHHPHHPHPPPPHPPHHPPHPHHHPP
940,PPHHPHHPHHHHPPPHHHPHHPHHPPPPPPPPHPPHHHHHPPPHHPPHPPHPHPPPHPPPPHPHHPHPPP
941,PPHHPPHHPPHPPPHHHPHHHPPHPHHHHPHHHPPHPHPPPPPPHHPHPHHHHPHHPPHPHHPHHPHPPP
942,HHHHHHHPHHHPHPPPPPHHHPHHPHHPPPPHPHPHHHPPHHHPPHHPHHPHPPHHPHHHHPHHHPHPPH
943,HHHPHHHPHHPHHPHPHHHPPHHPPPPPHHPHHHPHPPPPPHPPHHHHHPPPPPPHHHHPHPHHHPPPPH
944,HPHHPHPHHPPHPHHPPPPPHPHHHHPHPHHHHPHPHHHHPPPHPHPPHPPPHHPHHHHPHPPHHHHHHP
945,PPPPPPPHHHPPHPHHPHPHHPPPPHPHPHPHHHHPPPPPPHHHHHPHPPPHPHPHHPPHHPPHHPPHHH
946,HPHPPHPPPPPHPHPHHHPPPPHPHHPPHPPPHHHHHPHHHPPPHHPPPPHPPPHPPHPHPHHPPPHPPP
947,PHPPPHHPHHHPHPPHHHHPHHPHPPHHHPPHPPHHHHPPPPHHHPPHPPPPHPPPHHPPPPHHHHHHHH
948,PHHHPPHPHHHPHPPHHPHPPHHPPHHPPHPPHHHHHPHHHPHHHPHPPPPPPHHPPPPHHPHPHPPPHP
949,PPHHHHPHPHPHHHHPHPPHPHPHPPPPHPHHHPPPHHHHHPPHPHHHHHPPPHHPHHPHPPPPHHPPHP
950,PHPPHPHHPHHPHPHHHHHPHHPPHHHPPHPHPHHPHHPHPHPHHPPHPPHPHHPHPPPHHPHPPPPPPH
951,PPPPPHHHPPHPPPHPHHPPHHPPHPHPHHPHHHPHHHPHPHPHPHPHHHHHHPHPPHPHPHPHPHPHPP
952,PPPHPHHPPPHHPPHPPHHHPHHHPHPPHHHPHHPPHPHHPPHHHPHHHHPPPHHHPPPPHPPPHHHPPP
953,PHPPHHPHPPPHPHPPHHHPPPHPHPPHHPPHPHPHPPHHPHPPHHPHHPPPHHHPPHHPPHPPHPPHHP
954,HPPPHHHHPPPHPHHHHPPPHPPHPHHPHPPHHHPPHPPHHPHPHHPPPHHPPPHHHHPPPHHPPHPHHP
955,HPPPHHPPPHHPPPPHHHPHHPHPPPPHHPPPHPPHPHPPHHPHHPHHPHPHHHPHHPPHHPHHPHPHPP
956,HPHPPPPPHHHPPPPHPPPPHPHHPHPHPPHPPHPHPHHPHPHPHPHPHHHHHHHPPPHPPPHHHPHHPP
957,HHPPHHPHHHHHPHPPPPHPPHHHHPPPHHHHHHPPPPHPHPPHPHHPHHHHHHPHHHPPPHPHHPPHPH
958,HHPPPPHHHPHHPHHHHHPHHHHHPHHHPHPPPHHHPHPHPHPPPPHHHHHPHPHHHPPHPHPPHHHPPP
959,PPPHHPHPPPPHPPHHHHHHHPHHPPPPPPPHPPHPPHHHHHHPPPHPPHHPPPPPPPHHHPPPPPPPPH
960,HPHHPHPHPHHPHPHPHPPPPPPPPHHHPHHHHHPPHHPPPPPPHHHHPHPPPPPHPHPHPPHPHHHHHP
961,PPHHHHHPHPHPPHHHPPHPPHPHHPPHHPHPHHPPHPHPPHHPPHHHHHPHPHPHPPPHPHPPPPHHHH
962,HPHHPPPHHHHPHHPPPHPHPPHPPHHPPHHPPPPPHHHHHHPPPPHPHPPHHPHPHPPHPHHHHPPPHH
963,PPHHPHPHPPPHPHHHPHHPPHHHPPPHPPPHPHPHHHHPHPPPPPPPPHPPHHPHPPHHPHHPPHHPHH
964,PHHHPHHHPHHHPHPHHHHHPPPPPHHHHHHPPPPPHPHPPPPPPHHPPPPPPHHPHPPPHPPPPPHPPP
965,HPHPHHHPPPHPHHHPHPHHPPPHHHHPHHHHPPHHHPHHHPPHPPPPPPPHPHPPPPHPHPPPHPPPHH
966,PPPHHPHPHPPPPPHHPHHPPPHHHHHHHHHHHHPPHHHPPPPHPHPHHHHHHPHPPPHHPHPHHHHHPH
967,PPHPPHPPHPHPPPPPHPHHHPHPPHPHHHHHHHPHHHHHPHPHPHHPHPHPPPPHPHHPPHPHPHHHPH
968,HPHHHHHHHPPPPHPPHPHPPPPHPPPPHHPPHHHHPHPHPHHHPPHHHHPHHPHHPHPHHPPHPHPPPP
969,PPPHHHHHHPHPPPPPPPHPPPHHPHHHPPHHPPHPPPPHHHHHPHPPPPHPHPPHPHPPPHPPHHPPPH
970,HPPPHPHHPPHPPHPPHPHPHHHPPPHHHPPPHHPPPHPPPPPPHHPHPPPPPHHPHPPHPPPHHPPHHH
971,HHHPPPPHPHPPPPHHPPHPHHPPPHHHHPPPHPPPPHHPHPHHPHHPHHHPHHPHPPHHPPHHHHHPHP
972,HPPHHPHHHPHHPPHPHHPPPPHHHPHPHPPPHPHPHPPHHHHPPPPPHPHPHHHHHPPHPHHPPHHHHP
973,PPPHPPHHPPHPPHPPPHPPPHPPHPPHHHHHHPHHHPPHHPHPHPHPPHPHPHPHHHHPHHHHHHHPPH
974,HPHPHPPPHHHPHPHPHPPHPPPPPHHHHHPHPPPPPHPHHHPHHPHHPPPPHHPPHPHPHPPPHHPPHH
975,HHPPHPPHPHHHHHPHHPHHHPHPPPHPHPPPPHPPPHHHHPHHHHPHPPHPPHPHHHPPPHPPPPPPPH
976,HPPPHPHHPHHHHHHPHHPHPHHHHPPHPPPPHHHPHHHPHPHPPPPPHPPHPPPHPPPPHPPPHHHPPH
977,PPHPHPHPPHPHPPPHPHPHHHPHPHPHHHPPHHHPHPHPPPPPPHPHPPPPHPPPHPPHPHHPHHHHHH
978,PHHHHPPPPPHHHHPHPHHPHHHHPHPPHHPPPHHPHHHPPPPHPHHPHPPPPPHHPHPHHPPHHHPHPP
979,HHPPPHHPPHPPHPHPHHHHPHPPHPPHPHPHHPPPHPHHHHPHHHHPPPPHPPPPHHPPHPPHPHPHPH
980,PHHHPPHHHPHHHPPPHHHPPPHPPHPHHHPHHHHPHPPHHPPHPPHPPPHHHHHPHPPHPHHHPPHHPP
981,HPHHPPPPPPHPHPHPHHPHPHHHPHHHHHPPPPHHHPPHHPPHHPPPHHPHPPPHHPPPHPHPHPPHPP
982,PHHHHHPHPPHHPPHPHPHHPPHPHHPPHHHPPHPHHHPHPHPPPPHPHPHHPPHHHPHHPPPHHPPPPP
983,PHPHHHPHPPPHPHHHPHPPPPHPHPHPHPPPPHPHPPPPPPHPHHHPPPPHHPPHPHPPHPHPPPHPPH
984,PPHHHHHHHHPHPHPPPHHHPPHHHHHHPHPHHHPHHHHPHHHPPPHHHPPHHPHPHHPHPPHHHPHHPH
985,HPHPPHPPPPHHPPPHPHHPHPPPHHHHPHHHHPPPPPPPPPHPPPPHPHPPHHPHPHHHPPPHPPHHPH
986,HPPPPHPPPHPPPHHPHHPHPPHHHPPHHHHHHPHHHPPPHPHHPPPHHHHHHPPHPPHPHPHHHPPPHP
987,PHHPHHHHPHHPHPPHHPPPHHHHHPPPPPPHPHPHPPPPHHPHPPHPHHHPHPHHPPPPPHHHPPPPHH
988,HHPHHPHPPPHHPHPHHHPPPPPPHHPPHHPPPHPPHHPHPPHPPHPPPPPHHPHPHHHPPHHPHPPHHP
989,PHHPPPPHHHHHPHPHHHPPHPHHHPPHHPHHPHHPHPPHPHPPPHHPHPHHPHHHHHHPHPPPHHPHPP
990,PHHPHPHHHPHPPPPHPHPHPPPPPPHPHHPHHPHPHPHPHHHPHHHPHPHHHHPHPHPHPPPHHHHHHH
991,PPPPPHPPPPHPPPPHPHPHPPHPPPHPPPPPHPHHPHPHPPHPPHHHHHHPHHPPHHHHPPHHPHHHPP
992,PHPPHHPHHHHHPPPPHPHPHPPPPHHHHPPHHPPHHPHHPHPPHHHHPHPHHHHHHPPHHHPHPHPPPH
993,HHPPPPPPPPPPHPHPPPHHHHHPPPPPPPPHPHPPHPHPPHPPPPHPPHPHPHHPHPPPHHPHPHPHPH
994,HPHHPPPPHHHPHPHPPHHHPHPHPPHHHHHHHPPHHHHPPHHPHPPPHHHHHHHPHHPHPPHHPPPPHH
995,HHPHHHPPPHPPPHPPPPHPHPHHHHPHPPPHPPHPPPHHPPPPHPPHPHHPPPHHPHHHHPHPPPHHHH
996,PHPPPHPHPHPPHPHPHPPHPHHHHHHPPHPHHPPPHPHPPPPPPHPPPPHPPHHHHHHHHPPHHPPHPP
997,PPHPHHPHPPPHHPPPHPPHHHHPHPHHPPPPHHHHHPHPHHPPHHPPHPPPHHPHHPPPPHPPPHHHHH
998,HPHPHPHPHPHHHPPPHPHHPHHHHPHPHHHPHHPHPPHPHHPPHHHHPHPPHPPHHPHHPPPHHHHPPP
999,PHHPPHPHPPHPPHPPPPHHPPPHPPHHHPHPPHPHHPPHHHHPPPPHHHHPHHPHPHPPHPHPPHPPPH
